340
0.042814 0.020044
0.14684 0.025329
0.15603 0.025017
0.14026 0.041204
0.11564 0.05533
0.15868 0.023146
0.12812 0.05427
0.13412 0.052655
0.076997 0.047474
0.10144 0.053913
0.088237 0.049847
0.15403 0.040701
0.073034 0.046422
0.16162 0.034759
0.069707 0.045759
0.069053 0.045409
0.069865 0.045822
0.16717 0.03036
0.064563 0.045084
0.16077 0.039543
0.052565 0.045482
0.04385 0.047974
0.15245 0.045829
0.036758 0.053074
0.15978 0.042988
0.035602 0.054229
0.036784 0.053042
0.036114 0.053747
0.15366 0.048082
0.035911 0.055311
0.17774 0.034133
0.04795 0.047782
0.035846 0.055254
0.05352 0.047044
0.16838 0.04312
0.16014 0.048082
0.18531 0.024659
0.087808 0.05194
0.081062 0.050151
0.082857 0.050678
0.18564 0.039527
0.16944 0.047102
0.19571 0.023576
0.16766 0.051924
0.098849 0.056417
0.19373 0.040816
0.076947 0.050527
0.19829 0.040615
0.099038 0.057606
0.20123 0.044461
0.16134 0.055056
0.20588 0.023933
0.055192 0.048611
0.076305 0.042123
0.143 0.060223
0.2085 0.024969
0.17874 0.053152
0.2143 0.037417
0.20436 0.05949
0.17093 0.054001
0.20279 0.058568
0.21671 0.024142
0.19546 0.056018
0.22748 0.040371
0.15629 0.058416
0.17331 0.054566
0.22762 0.034579
0.023701 0.06491
0.24161 0.044719
0.25447 0.052604
0.022821 0.066869
0.037008 0.031317
0.23672 0.036941
0.25594 0.052963
0.24054 0.038937
0.18352 0.05469
0.12333 0.040709
0.23903 0.03376
0.12211 0.04123
0.24249 0.035649
0.22332 0.059414
0.12283 0.040694
0.11973 0.043037
0.26109 0.045132
0.1274 0.034079
0.25724 0.04159
0.18474 0.055129
0.12228 0.040041
0.13779 0.031168
0.26452 0.042778
0.13128 0.026372
0.25285 0.036605
0.11364 0.024689
0.1212 0.025378
0.28931 0.038175
0.092037 0.021889
0.28037 0.041199
0.11546 0.044
0.048514 0.021946
0.30987 0.040685
0.1283 0.028419
0.27261 0.039697
0.12521 0.027503
0.10123 0.032457
0.30125 0.03966
0.094208 0.029754
0.27204 0.039038
0.052639 0.024547
0.094326 0.029564
0.085251 0.025747
0.33767 0.044277
0.1111 0.025804
0.22197 0.06155
0.041899 0.02676
0.0434 0.026357
0.38421 0.042628
0.1165 0.040507
0.38247 0.042004
0.097756 0.040545
0.10193 0.024226
0.090408 0.043435
0.26381 0.034238
0.039979 0.031145
0.25943 0.027684
0.29003 0.033751
0.022163 0.063858
0.41627 0.040393
0.30152 0.040211
0.41578 0.039985
0.070587 0.026856
0.094389 0.023169
0.41121 0.039406
0.28529 0.023381
0.40517 0.038407
0.44767 0.038735
0.30387 0.028166
0.28669 0.024548
0.3074 0.034454
0.29442 0.028153
0.28403 0.026272
0.33798 0.037821
0.3096 0.0203
0.30434 0.021063
0.44892 0.020053
0.49748 0.020009
0.28134 0.03241
0.37278 0.020653
0.28404 0.030793
0.34553 0.022258
0.28444 0.030816
0.28983 0.03116
0.32774 0.025155
0.38521 0.021282
0.31923 0.028051
0.33408 0.027778
0.35098 0.022812
0.53683 0.020224
0.3246 0.032629
0.34917 0.0251
0.41406 0.021866
0.4113 0.022419
0.35742 0.025265
0.33723 0.03153
0.46135 0.020922
0.48493 0.020083
0.34019 0.034738
0.43472 0.021778
0.64794 0.020696
0.65172 0.021578
0.72751 0.021141
0.7052 0.039934
0.66687 0.021069
0.70056 0.036568
0.65385 0.023863
0.70596 0.039102
0.60716 0.020942
0.6394 0.027828
0.70651 0.039245
0.7237 0.031356
0.61345 0.021442
0.57086 0.020977
0.72121 0.032703
0.68826 0.020747
0.63705 0.032708
0.63426 0.034245
0.69493 0.021033
0.63167 0.040132
0.55587 0.021758
0.63243 0.027603
0.6274 0.040749
0.64311 0.036337
0.59048 0.021646
0.7397 0.027065
0.69441 0.032072
0.69473 0.038817
0.657 0.03935
0.68155 0.030624
0.65867 0.039295
0.70041 0.035117
0.68309 0.029023
0.96015 0.032826
0.69369 0.029845
0.69417 0.029383
0.84969 0.046827
0.84025 0.03543
0.7201 0.026513
0.71878 0.02897
0.91449 0.051084
0.70081 0.029355
0.66825 0.025056
0.66378 0.027708
0.69757 0.026495
0.73975 0.030828
0.68273 0.035998
0.71787 0.043074
0.84406 0.045967
0.94016 0.030381
0.90226 0.026881
0.86463 0.040005
0.8396 0.034621
0.83969 0.034908
0.85836 0.054179
0.62792 0.042832
0.69754 0.048207
0.84356 0.030577
0.69375 0.047534
0.96248 0.027229
0.96047 0.027308
0.96204 0.027215
0.69655 0.054464
0.85313 0.035272
0.73884 0.054439
0.94672 0.026042
0.95999 0.02723
0.94506 0.025296
0.71715 0.045777
0.90595 0.02511
0.7092 0.056775
0.91864 0.032467
0.87333 0.03053
0.7123 0.055463
0.8386 0.028848
0.72118 0.055739
0.86605 0.027337
0.87291 0.026927
0.74379 0.035232
0.86404 0.040905
0.74049 0.052131
0.89205 0.02427
0.88525 0.025845
0.89205 0.024303
0.75213 0.029198
0.88021 0.024302
0.74389 0.049348
0.84343 0.026752
0.86753 0.02403
0.84492 0.026336
0.74398 0.04171
0.77589 0.060268
0.74825 0.047257
0.87761 0.040057
0.8411 0.044722
0.75643 0.044003
0.76405 0.055516
0.75858 0.03931
0.7834 0.06103
0.88491 0.039804
0.90244 0.038416
0.7621 0.037976
0.93795 0.031861
0.77067 0.052302
0.78966 0.064276
0.76702 0.037844
0.79134 0.064858
0.77738 0.051328
0.97214 0.043571
0.97242 0.043923
0.77091 0.036633
0.96849 0.041879
0.77299 0.035408
0.96306 0.041428
0.96938 0.042127
0.96267 0.041443
0.77879 0.039346
0.94937 0.041058
0.78426 0.045182
0.93538 0.038573
0.93711 0.038581
0.77989 0.031768
0.93215 0.039903
0.78492 0.036648
0.80632 0.062869
0.93041 0.041911
0.94244 0.03908
0.79152 0.045094
0.94433 0.039348
0.79285 0.043633
0.81868 0.068815
0.94473 0.039404
0.95929 0.040613
0.79133 0.037578
0.95943 0.040016
0.79442 0.040728
0.95762 0.03968
0.95936 0.039966
0.95153 0.039471
0.79301 0.028736
0.94279 0.037755
0.81468 0.061193
0.92529 0.044756
0.92413 0.046958
0.7997 0.037117
0.8315 0.068772
0.80042 0.035925
0.88763 0.049625
0.88587 0.049579
0.89148 0.049673
0.80086 0.028033
0.89866 0.047069
0.80893 0.044686
0.89243 0.046016
0.89899 0.046884
0.80779 0.030493
0.82133 0.056038
0.81522 0.042784
0.82048 0.052734
0.85338 0.051575
0.84431 0.057681
0.81444 0.030778
0.83446 0.047642
0.81851 0.033985
0.83183 0.043966
0.83444 0.047618
0.83244 0.044852
0.83806 0.021269
0.84735 0.023124
0.92436 0.020157
0.90408 0.020576
0.83378 0.026827
0.90049 0.021253
