372
0 0.045472
0.0058886 0.042444
0.022188 0.028919
0.014721 0.042545
0.65595 0.04197
0.44316 0.026361
0.30542 0.034873
0.22014 0.030779
0.74864 0.04211
0.66163 0.041997
0.65642 0.04198
0.30995 0.027566
0.88801 0.042705
0.61872 0.027016
0.82767 0.042029
0.66433 0.041948
0.81516 0.041989
0.43647 0.026798
0.89605 0.042427
0.48312 0.027676
0.84879 0.042239
0.66572 0.041927
0.30466 0.02858
0.68662 0.040374
0.28108 0.028619
0.65502 0.042007
0.68667 0.040374
0.68879 0.040376
0.24237 0.030255
0.89566 0.042689
0.2757 0.028142
0.94581 0.040952
0.90136 0.042484
0.89074 0.042599
0.24735 0.031211
0.32865 0.035062
0.52684 0.026641
0.95958 0.041162
0.78602 0.04221
0.79082 0.04208
0.23026 0.030754
0.47506 0.039278
0.58318 0.026381
0.49253 0.038564
0.95613 0.041012
0.26588 0.028644
0.50206 0.040118
0.25141 0.028337
0.40728 0.037997
0.20016 0.031148
0.53866 0.040659
0.53128 0.026429
0.79564 0.040136
0.81647 0.04199
0.79984 0.042134
0.51429 0.026654
0.83302 0.040147
0.22049 0.029954
0.88018 0.042607
0.7913 0.04219
0.86798 0.04266
0.5239 0.026569
0.85755 0.042631
0.22516 0.030041
0.84436 0.042421
0.85744 0.042572
0.34326 0.028213
0.9481 0.040549
0.18841 0.031253
0.63338 0.041293
0.95206 0.040574
0.94844 0.040464
0.3514 0.028015
0.58444 0.039941
0.36823 0.028189
0.66703 0.04204
0.92416 0.040025
0.5339 0.027202
0.86252 0.040038
0.46712 0.027274
0.27293 0.035053
0.86515 0.040037
0.95575 0.040785
0.24511 0.029221
0.95736 0.041207
0.42203 0.027894
0.21875 0.03468
0.95871 0.041671
0.9524 0.040529
0.42937 0.028037
0.95509 0.040903
0.70394 0.026755
0.95768 0.041579
0.95778 0.041127
0.35126 0.028568
0.95843 0.041075
0.37435 0.028543
0.36588 0.037589
0.95754 0.041105
0.40826 0.027731
0.47059 0.040174
0.69572 0.026823
0.46809 0.040041
0.95928 0.040961
0.37363 0.027934
0.93647 0.040104
0.72314 0.026572
0.95811 0.041163
0.93992 0.040145
0.9539 0.040462
0.75685 0.02751
0.29499 0.036021
0.20504 0.031019
0.93077 0.042358
0.95776 0.040797
0.55178 0.028095
0.50401 0.040552
0.47937 0.028585
0.94298 0.040053
0.95504 0.040968
0.95829 0.040786
0.95955 0.055112
0.95508 0.077197
0.95759 0.040705
0.95698 0.040861
0.95916 0.046209
0.95831 0.04206
0.95717 0.041649
0.9582 0.047906
0.95796 0.042908
0.66272 0.02684
0.9581 0.040506
0.40827 0.030173
0.30567 0.036707
0.95821 0.040023
0.9583 0.041882
0.95832 0.040459
0.95854 0.040599
0.95724 0.043728
0.95822 0.041742
0.95863 0.040867
0.95782 0.040929
0.95983 0.040679
0.95734 0.04154
0.9575 0.041761
0.95758 0.040044
0.95848 0.041808
0.95827 0.046543
0.95763 0.042494
0.95765 0.041706
0.95985 0.041404
0.9588 0.052738
0.95836 0.053508
0.95273 0.077287
0.95784 0.041238
0.95783 0.040713
0.54056 0.027239
0.3009 0.035304
0.47824 0.027796
0.36841 0.037379
0.95843 0.040935
0.95778 0.040747
0.95782 0.0416
0.95775 0.040073
0.95808 0.040709
0.95991 0.040966
0.95821 0.041336
0.95799 0.041669
0.95747 0.040321
0.95807 0.0414
0.95802 0.040538
0.95872 0.041678
0.95684 0.0433
0.95772 0.041893
0.95505 0.092143
0.95893 0.045828
0.95812 0.041632
0.95783 0.040078
0.95739 0.04325
0.95749 0.041106
0.95847 0.040973
0.9585 0.040953
0.95752 0.041439
0.95683 0.043234
0.9572 0.041603
0.48401 0.027701
0.50295 0.040439
0.47337 0.028179
0.95784 0.040154
0.95735 0.04002
0.9589 0.040863
0.95714 0.041785
0.95833 0.041396
0.9575 0.040717
0.95841 0.041563
0.95753 0.041543
0.95733 0.041545
0.95749 0.040095
0.95804 0.041165
0.95753 0.040895
0.95843 0.041221
0.95816 0.041002
0.95744 0.041399
0.95863 0.041758
0.95964 0.041307
0.95805 0.040046
0.95996 0.040683
0.95861 0.040867
0.95751 0.04137
0.95842 0.040027
0.95811 0.040651
0.95745 0.040486
0.95837 0.041339
0.66829 0.026537
0.95748 0.040908
0.36428 0.031412
0.95822 0.041063
0.95854 0.040975
0.95777 0.040796
0.95747 0.041426
0.9581 0.041476
0.95735 0.040913
0.9575 0.041693
0.95818 0.041369
0.95744 0.040694
0.95745 0.040852
0.95835 0.041391
0.95746 0.041707
0.95857 0.040984
0.95852 0.041584
0.95998 0.041838
0.9582 0.0415
0.95739 0.040716
0.95853 0.041245
0.95784 0.040499
0.95818 0.042424
0.95777 0.041516
0.95849 0.040873
0.67235 0.026416
0.26859 0.034015
0.84564 0.026695
0.50363 0.037487
0.95758 0.041016
0.95875 0.041954
0.95819 0.041445
0.95742 0.0417
0.95829 0.040989
0.95737 0.041509
0.95744 0.040492
0.95735 0.041511
0.95751 0.040814
0.95774 0.041555
0.9576 0.040745
0.95758 0.041581
0.95768 0.041283
0.63523 0.027406
0.61025 0.040664
0.46763 0.028147
0.95761 0.04092
0.95929 0.04068
0.95784 0.041379
0.33993 0.02892
0.53942 0.038938
0.38287 0.030532
0.95732 0.041372
0.95825 0.041416
0.95759 0.041319
0.82787 0.026881
0.95821 0.041293
0.63454 0.029757
0.40822 0.034789
0.95837 0.040994
0.57211 0.029043
0.45726 0.039161
0.60424 0.03029
0.95741 0.040987
0.95774 0.041329
0.83707 0.026433
0.65312 0.041749
0.33915 0.03157
0.95823 0.040936
0.9576 0.041281
0.95852 0.04108
0.83988 0.026275
0.95781 0.041339
0.56472 0.031321
0.95753 0.040843
0.95738 0.040041
0.9584 0.041456
0.62093 0.02785
0.61205 0.037017
0.60483 0.03046
0.95848 0.041386
0.95759 0.041525
0.65652 0.028722
0.56527 0.033891
0.82483 0.02749
0.72048 0.038881
0.95717 0.041482
0.95817 0.041273
0.81782 0.02744
0.95731 0.040122
0.37058 0.031132
0.75168 0.040885
0.76239 0.027708
0.75573 0.041537
0.57654 0.030853
0.95829 0.041404
0.95822 0.04141
0.70695 0.027532
0.95756 0.041561
0.80289 0.027467
0.95832 0.041393
0.95821 0.041414
0.9575 0.04007
0.68103 0.027973
0.95822 0.041363
0.52539 0.029106
0.95831 0.041466
0.95822 0.041378
0.81648 0.027064
0.95744 0.041476
0.76938 0.027754
0.57457 0.034349
0.95749 0.041531
0.95755 0.041546
0.70479 0.028635
0.95834 0.041395
0.70894 0.028167
0.54496 0.035031
0.95745 0.041493
0.95833 0.041464
0.82403 0.027419
0.95755 0.041516
0.77996 0.027672
0.95744 0.040744
0.95748 0.041492
0.95731 0.04148
0.95992 0.0298
0.95726 0.041452
0.51054 0.030291
0.95826 0.041399
0.9581 0.041476
0.79648 0.027503
0.47896 0.036829
0.71021 0.02739
0.95743 0.041515
0.95831 0.041479
0.95828 0.041473
0.95998 0.030497
0.95825 0.041398
0.67175 0.029123
0.9581 0.041484
0.95826 0.041473
0.95754 0.031623
0.53474 0.034827
0.62803 0.030124
0.58666 0.034883
0.95825 0.041433
0.95749 0.040836
0.95761 0.032997
0.95828 0.041422
0.95771 0.035996
0.95834 0.041472
0.95822 0.041383
0.95821 0.04136
0.95785 0.036993
0.9573 0.041566
0.95772 0.03902
0.95737 0.041641
0.9582 0.041442
0.95848 0.041425
