679
0.84286 0.040679
0.83557 0.04071
0.87072 0.040084
0.84497 0.04001
0.8881 0.040119
0.89532 0.040143
0.89869 0.040167
0.89659 0.040197
0.88838 0.040152
0.87924 0.040174
0.88384 0.040137
0.90131 0.040194
0.90831 0.040105
0.86066 0.040229
0.8696 0.040028
0.87006 0.040073
0.86319 0.040645
0.83309 0.040148
0.8431 0.04068
0.82792 0.040004
0.82983 0.040046
0.86925 0.040231
0.83172 0.040747
0.83763 0.04002
0.84565 0.040028
0.82979 0.040039
0.81566 0.040117
0.85057 0.04022
0.83854 0.040723
0.83792 0.040058
0.9323 0.040297
0.87967 0.040127
0.88243 0.040118
0.91947 0.040179
0.93172 0.040166
0.88204 0.040161
0.86202 0.04009
0.89495 0.040207
0.90076 0.040166
0.86516 0.040057
0.84141 0.04021
0.84058 0.040219
0.85701 0.040068
0.81911 0.040155
0.83469 0.040697
0.84475 0.040219
0.89565 0.04018
0.7504 0.040263
0.76326 0.040178
0.87077 0.040615
0.83273 0.04023
0.82023 0.04013
0.79277 0.040855
0.86622 0.040051
0.8599 0.040073
0.84851 0.040241
0.8566 0.04068
0.77772 0.040089
0.84035 0.040725
0.89433 0.040116
0.81779 0.040075
0.85847 0.04069
0.85187 0.040674
0.82746 0.040079
0.83313 0.040733
0.82449 0.040152
0.83484 0.040061
0.83372 0.040173
0.88451 0.040183
0.92171 0.04024
0.92368 0.040177
0.88314 0.040149
0.88701 0.040154
0.89712 0.040164
0.88617 0.040119
0.87057 0.040188
0.86271 0.040664
0.8816 0.040125
0.87061 0.040063
0.84664 0.040209
0.83916 0.040208
0.8716 0.040116
0.84948 0.040688
0.833 0.040705
0.84865 0.040051
0.84613 0.040025
0.82811 0.040046
0.81773 0.040097
0.7701 0.040005
0.87 0.040642
0.81802 0.040154
0.79667 0.040077
0.79794 0.040211
0.84356 0.040205
0.83936 0.040719
0.77606 0.040044
0.80336 0.040037
0.82487 0.040034
0.81667 0.040114
0.80426 0.040047
0.81199 0.040081
0.84544 0.040686
0.82294 0.040109
0.78116 0.040037
0.74926 0.040264
0.81596 0.040105
0.80588 0.040832
0.84762 0.040245
0.8352 0.040039
0.82021 0.040111
0.85346 0.040205
0.84436 0.04004
0.84853 0.040253
0.82165 0.040001
0.91097 0.040132
0.8798 0.040104
0.92576 0.040269
0.92506 0.040493
0.87865 0.040161
0.91269 0.040214
0.93332 0.040323
0.93494 0.040254
0.84827 0.040586
0.83568 0.040109
0.91844 0.040249
0.91925 0.040145
0.90811 0.040214
0.83455 0.04006
0.88885 0.04013
0.90446 0.040181
0.77746 0.040874
0.87269 0.040614
0.85564 0.04029
0.89732 0.040143
0.7311 0.040203
0.77453 0.040854
0.88046 0.040153
0.84731 0.040312
0.84067 0.040268
0.71433 0.04023
0.84923 0.040024
0.86929 0.040069
0.67049 0.040169
0.72479 0.040157
0.83025 0.040724
0.83986 0.040713
0.71816 0.040211
0.73497 0.040107
0.85379 0.040222
0.85628 0.040653
0.72112 0.040001
0.83949 0.040037
0.85577 0.040677
0.81483 0.040088
0.7826 0.040101
0.82575 0.040043
0.8161 0.040027
0.84157 0.040684
0.84371 0.040177
0.79873 0.040091
0.8199 0.040128
0.82048 0.040015
0.8001 0.040066
0.80527 0.040051
0.82434 0.040144
0.7999 0.04022
0.86339 0.040008
0.92719 0.040079
0.90951 0.040202
0.81525 0.040104
0.85924 0.040028
0.91414 0.040153
0.88207 0.040118
0.84748 0.040662
0.82672 0.040012
0.87211 0.040022
0.87816 0.04011
0.82972 0.040007
0.84017 0.040265
0.85892 0.04022
0.89885 0.040172
0.86188 0.040086
0.91389 0.040154
0.82161 0.040125
0.73397 0.040195
0.68733 0.040201
0.72236 0.040192
0.87854 0.040142
0.81307 0.040096
0.67554 0.040135
0.71061 0.040242
0.84112 0.040208
0.86844 0.040007
0.73988 0.040172
0.74356 0.040249
0.79399 0.040843
0.84023 0.040023
0.64215 0.040161
0.66301 0.040428
0.79257 0.040065
0.84698 0.040079
0.7105 0.040206
0.70118 0.040274
0.82503 0.040111
0.79478 0.040196
0.66429 0.040422
0.77507 0.04001
0.78902 0.040015
0.77401 0.040098
0.6611 0.040417
0.75373 0.040233
0.76762 0.04003
0.72043 0.040287
0.73494 0.040117
0.66481 0.040129
0.79007 0.040873
0.75967 0.04012
0.78811 0.040009
0.80147 0.040001
0.78766 0.040096
0.82831 0.040167
0.86452 0.040107
0.95185 0.040502
0.90221 0.040105
0.89714 0.040187
0.86687 0.040615
0.88127 0.040186
0.88076 0.040087
0.92255 0.040242
0.91763 0.040165
0.87243 0.040097
0.84979 0.040285
0.89046 0.040178
0.83775 0.040291
0.7991 0.040869
0.86375 0.040077
0.85484 0.040674
0.80341 0.04006
0.79662 0.040049
0.86719 0.040232
0.8684 0.040126
0.79495 0.040048
0.81552 0.040148
0.81279 0.040067
0.86874 0.040135
0.83462 0.040701
0.76017 0.040098
0.86451 0.040059
0.86333 0.040016
0.85827 0.040685
0.73977 0.040102
0.77347 0.040636
0.84192 0.040588
0.84023 0.040719
0.80956 0.040024
0.85353 0.040074
0.82571 0.040076
0.84044 0.040148
0.77352 0.040055
0.6605 0.040205
0.82355 0.040161
0.79213 0.040815
0.77686 0.040879
0.84128 0.040299
0.81482 0.040036
0.65667 0.040129
0.6654 0.040163
0.71319 0.040214
0.7255 0.040169
0.7722 0.040071
0.78024 0.040761
0.80433 0.040094
0.82863 0.040212
0.759 0.040226
0.7661 0.040741
0.80458 0.04002
0.83792 0.040698
0.82182 0.040121
0.85216 0.040048
0.95998 0.041123
0.75391 0.040261
0.69701 0.040157
0.81979 0.040095
0.80975 0.040064
0.67331 0.040139
0.69333 0.040167
0.85953 0.040033
0.8805 0.040113
0.73188 0.040156
0.90318 0.040195
0.8213 0.040075
0.76501 0.040099
0.92714 0.040236
0.91667 0.040254
0.91401 0.040135
0.86462 0.040203
0.91252 0.040188
0.86856 0.040043
0.83502 0.040018
0.5789 0.040014
0.88929 0.040147
0.86122 0.040021
0.73721 0.040123
0.66947 0.040449
0.89592 0.04014
0.84429 0.040293
0.7835 0.040093
0.76085 0.040176
0.8497 0.040019
0.86507 0.040026
0.65187 0.040237
0.64917 0.040191
0.8273 0.040077
0.83288 0.040746
0.70989 0.040163
0.86149 0.040666
0.85378 0.040685
0.85257 0.040002
0.63381 0.040244
0.64761 0.040138
0.83317 0.04073
0.82334 0.040776
0.68584 0.040237
0.6844 0.040105
0.83325 0.040728
0.83204 0.040159
0.7203 0.040004
0.79036 0.040109
0.83672 0.040706
0.81515 0.040071
0.81639 0.040104
0.75207 0.04013
0.83581 0.040198
0.80245 0.040072
0.78852 0.040809
0.8199 0.040126
0.81251 0.040079
0.814 0.040053
0.79729 0.040092
0.80765 0.040065
0.69948 0.040208
0.79624 0.04084
0.67066 0.040148
0.68626 0.040166
0.68176 0.040442
0.82268 0.040082
0.87316 0.040099
0.80864 0.040026
0.95818 0.04052
0.888 0.040129
0.86412 0.040052
0.78678 0.040814
0.83385 0.040122
0.87626 0.040063
0.90602 0.040198
0.85703 0.040054
0.85867 0.040642
0.80163 0.040827
0.82082 0.04002
0.76439 0.040086
0.85338 0.040213
0.8479 0.040207
0.75674 0.040188
0.88941 0.040209
0.85188 0.040031
0.74559 0.040217
0.81671 0.040033
0.69453 0.040119
0.80306 0.040109
0.84971 0.040081
0.81318 0.0401
0.78098 0.040834
0.69 0.040123
0.81776 0.040054
0.83532 0.040242
0.67017 0.040432
0.80447 0.040212
0.83556 0.040198
0.82012 0.04016
0.78562 0.040118
0.72235 0.040291
0.79381 0.040847
0.80146 0.04009
0.70778 0.040195
0.69252 0.040158
0.80162 0.040002
0.75165 0.040125
0.667 0.040118
0.67306 0.040274
0.75843 0.040174
0.75856 0.040196
0.66613 0.040168
0.6768 0.040198
0.7183 0.040215
0.72893 0.040264
0.84695 0.040021
0.69068 0.040198
0.72537 0.040167
0.69825 0.040162
0.67724 0.040197
0.79036 0.040168
0.70015 0.040283
0.54435 0.040792
0.79109 0.040103
0.70912 0.04028
0.77828 0.040857
0.89754 0.040211
0.86853 0.040566
0.90497 0.040196
0.90526 0.040218
0.88553 0.040167
0.89505 0.040134
0.89089 0.040115
0.88562 0.040123
0.86582 0.040098
0.70389 0.040162
0.877 0.040587
0.88703 0.040125
0.87421 0.040151
0.85516 0.040573
0.62192 0.040188
0.9198 0.040283
0.86063 0.040004
0.87095 0.040625
0.86537 0.040218
0.82996 0.040728
0.87383 0.04005
0.87935 0.040145
0.57931 0.040941
0.84847 0.040711
0.84179 0.040051
0.73439 0.040213
0.85103 0.040044
0.84991 0.040241
0.83675 0.040269
0.84047 0.040088
0.71572 0.040234
0.83447 0.040152
0.83386 0.040237
0.83287 0.040212
0.54809 0.040251
0.81751 0.040143
0.80436 0.040833
0.83614 0.040272
0.82283 0.040061
0.83122 0.040735
0.82435 0.040001
0.59172 0.04018
0.63722 0.040162
0.81103 0.040121
0.76231 0.040081
0.77058 0.040098
0.74881 0.04022
0.78231 0.040808
0.70796 0.040267
0.73241 0.040163
0.81564 0.040169
0.65995 0.040184
0.75547 0.040175
0.74559 0.040214
0.94598 0.040394
0.88916 0.040188
0.60095 0.040152
0.85624 0.040224
0.89381 0.040186
0.85426 0.04025
0.84486 0.040202
0.78175 0.040832
0.85477 0.040245
0.84892 0.040269
0.89423 0.040111
0.7937 0.040822
0.81872 0.040049
0.82446 0.040121
0.86164 0.040276
0.81041 0.04008
0.84468 0.04021
0.80407 0.040218
0.79774 0.040028
0.6839 0.040186
0.79494 0.040068
0.81437 0.040107
0.71631 0.040219
0.6996 0.040197
0.84205 0.040209
0.82563 0.040161
0.74657 0.040173
0.73281 0.04014
0.79906 0.040103
0.82244 0.040115
0.6523 0.040268
0.67583 0.040434
0.81761 0.040059
0.80583 0.040008
0.75271 0.040174
0.67848 0.040461
0.8195 0.040009
0.78685 0.040893
0.69012 0.040105
0.72639 0.040269
0.77393 0.040006
0.76732 0.040137
0.6651 0.040437
0.65683 0.040238
0.78199 0.040861
0.74798 0.040237
0.6876 0.040236
0.62798 0.040187
0.68164 0.040441
0.70239 0.040228
0.74327 0.040138
0.8979 0.040194
0.66252 0.040132
0.68273 0.040205
0.68495 0.04044
0.71187 0.040185
0.79554 0.040086
0.67306 0.040417
0.78886 0.040016
0.8422 0.040057
0.92623 0.040128
0.84089 0.040029
0.84522 0.040062
0.79596 0.040112
0.81475 0.040811
0.87664 0.040026
0.83955 0.04008
0.87303 0.040094
0.79128 0.040079
0.8565 0.040032
0.87236 0.040018
0.86591 0.040016
0.80966 0.040112
0.80731 0.040831
0.82832 0.040053
0.65895 0.04041
0.74116 0.040125
0.75459 0.040183
0.80296 0.040831
0.82971 0.04006
0.84556 0.040249
0.77989 0.040302
0.83689 0.040726
0.86944 0.040079
0.77833 0.040791
0.68642 0.040269
0.82547 0.040152
0.82455 0.040152
0.78575 0.040005
0.7651 0.040137
0.81336 0.040105
0.60922 0.040158
0.69239 0.040143
0.77414 0.04075
0.82959 0.040067
0.62789 0.040154
0.8006 0.040209
0.72875 0.04021
0.77023 0.04075
0.71721 0.040197
0.56162 0.040803
0.69221 0.040138
0.68983 0.04018
0.68659 0.040214
0.62376 0.040261
0.81199 0.040072
0.83426 0.040142
0.63993 0.040287
0.81485 0.040056
0.68867 0.040247
0.65771 0.040231
0.76688 0.040145
0.76846 0.040213
0.6023 0.040114
0.58727 0.040933
0.76527 0.040106
0.74092 0.040227
0.58866 0.040017
0.59748 0.040101
0.73386 0.040236
0.69665 0.040122
0.53209 0.040038
0.60366 0.040276
0.78032 0.040863
0.71112 0.040216
0.59607 0.040172
0.68287 0.040174
0.69248 0.040171
0.71807 0.040183
0.51793 0.0408
0.59926 0.040168
0.67975 0.040116
0.60282 0.040145
0.53901 0.040809
0.56747 0.04001
0.70078 0.040248
0.6538 0.040247
0.60258 0.040168
0.55873 0.040819
0.69254 0.040012
0.68035 0.040433
0.56523 0.04087
0.57007 0.040109
0.61445 0.040218
0.51656 0.040099
0.63481 0.04018
0.52822 0.040803
0.54901 0.04012
0.84766 0.040233
0.7533 0.040192
0.75307 0.040136
0.64872 0.04026
0.6445 0.040179
0.68811 0.040142
0.67232 0.040247
0.62004 0.040201
0.60567 0.040312
0.68079 0.04016
0.61433 0.040161
0.69726 0.040239
0.63113 0.040023
0.61828 0.040204
0.66237 0.04026
0.65138 0.040016
0.69674 0.040206
0.62133 0.040401
0.56061 0.040817
0.59079 0.04008
0.59601 0.040042
0.75985 0.040231
0.57899 0.040748
0.63907 0.040294
0.58729 0.040916
0.55312 0.04014
0.55739 0.040183
0.60144 0.040278
0.64719 0.040272
0.52793 0.040102
0.73095 0.040146
0.47525 0.040038
0.67589 0.040241
0.57101 0.040011
0.62877 0.040126
0.75397 0.040215
0.54731 0.040826
0.59472 0.040092
0.63466 0.040237
0.71656 0.040224
0.734 0.040124
0.71771 0.040195
0.73343 0.040191
0.7085 0.040241
0.62031 0.040159
0.61077 0.040259
0.65079 0.040172
0.66686 0.040144
0.67756 0.040186
0.63413 0.040243
0.57112 0.040904
0.67652 0.040462
0.63384 0.040135
0.66746 0.040252
0.4936 0.040686
0.6987 0.040025
0.60535 0.040211
0.58037 0.040151
0.66676 0.040174
0.73673 0.040154
0.66141 0.040165
0.74085 0.040202
0.73799 0.040214
0.62861 0.040012
0.64256 0.040176
0.74377 0.040174
0.61892 0.040183
0.69684 0.04019
0.70561 0.040015
0.72217 0.0402
0.72382 0.040154
