340
0.021 0.022052
0.027045 0.034669
0.035262 0.022752
0.031376 0.0425
0.037648 0.0425
0.042369 0.021034
0.044966 0.031639
0.052305 0.028226
0.057264 0.0425
0.044491 0.0425
0.051535 0.0425
0.063708 0.023646
0.061445 0.0425
0.074882 0.02262
0.071916 0.0425
0.067917 0.0425
0.072298 0.0425
0.088022 0.022037
0.083747 0.0425
0.093898 0.023816
0.091645 0.0425
0.096142 0.0425
0.10326 0.025394
0.10806 0.0425
0.11636 0.025461
0.11706 0.0425
0.10783 0.0425
0.11309 0.0425
0.12641 0.027687
0.1214 0.0425
0.13607 0.024662
0.13188 0.0425
0.12114 0.0425
0.13612 0.0425
0.14404 0.028703
0.14763 0.031796
0.15206 0.021835
0.15728 0.0425
0.14724 0.0425
0.15295 0.0425
0.16292 0.028215
0.16193 0.03394
0.17512 0.021134
0.1743 0.03362
0.16325 0.0425
0.18116 0.025416
0.1835 0.034259
0.19726 0.024965
0.19532 0.03336
0.2084 0.028598
0.20482 0.034455
0.21523 0.021386
0.21202 0.0425
0.20318 0.0425
0.21777 0.0425
0.22202 0.021888
0.22497 0.0425
0.2324 0.027281
0.23746 0.0425
0.22296 0.0425
0.23375 0.0425
0.24126 0.0217
0.24479 0.0425
0.25599 0.02741
0.2517 0.0425
0.24883 0.0425
0.2649 0.024836
0.26482 0.0425
0.27725 0.028739
0.27898 0.034738
0.26545 0.0425
0.2727 0.0425
0.28842 0.024483
0.28418 0.034186
0.29498 0.024741
0.29453 0.034986
0.29856 0.0425
0.30584 0.02294
0.30757 0.0425
0.31358 0.023153
0.31227 0.031707
0.3058 0.0425
0.31234 0.0425
0.32106 0.026241
0.32649 0.0425
0.33532 0.024207
0.33472 0.031499
0.32173 0.0425
0.33813 0.0425
0.3424 0.024461
0.34785 0.0425
0.35528 0.022162
0.35722 0.0425
0.35298 0.0425
0.3625 0.025279
0.364 0.0425
0.37533 0.025244
0.37818 0.03314
0.37296 0.0425
0.38187 0.023991
0.38758 0.03429
0.39545 0.022299
0.39317 0.034237
0.38421 0.0425
0.40222 0.024251
0.40612 0.0425
0.41117 0.021808
0.41797 0.0425
0.40704 0.0425
0.41175 0.0425
0.42301 0.023585
0.42206 0.032315
0.43505 0.028524
0.43337 0.0425
0.42133 0.0425
0.44527 0.024583
0.44832 0.034486
0.45808 0.025345
0.45263 0.0425
0.4554 0.0425
0.45757 0.70252
0.46291 0.02237
0.46194 0.0425
0.47778 0.027448
0.47515 0.032791
0.46172 0.0425
0.47542 0.0425
0.4654 0.67532
0.47444 0.67891
0.46281 0.67943
0.45814 0.69266
0.47265 0.68625
0.47856 0.69896
0.4656 0.70614
0.45956 0.71306
0.47756 0.70865
0.47426 0.71116
0.46514 0.72431
0.47065 0.73074
0.46925 0.72934
0.47905 0.73698
0.48765 0.023019
0.48736 0.031865
0.49658 0.024068
0.49799 0.03304
0.48148 0.0425
0.49442 0.0425
0.48482 0.6603
0.49468 0.65783
0.48476 0.66032
0.4818 0.67527
0.4926 0.66663
0.49606 0.67107
0.48752 0.68624
0.48774 0.69676
0.49237 0.68237
0.49836 0.69894
0.48158 0.70836
0.48606 0.71457
0.49323 0.7042
0.49244 0.71338
0.48563 0.72708
0.48292 0.73892
0.49657 0.72562
0.49841 0.74247
0.48256 0.73876
0.49274 0.74187
0.50466 0.023905
0.50663 0.034414
0.51126 0.02469
0.51521 0.0425
0.507 0.0425
0.51783 0.0425
0.50644 0.65799
0.51667 0.66091
0.50267 0.65758
0.50438 0.67894
0.51626 0.66073
0.51415 0.67703
0.50346 0.68594
0.50201 0.698
0.51737 0.68748
0.51426 0.69229
0.50705 0.70233
0.50848 0.71416
0.51882 0.70372
0.51175 0.71506
0.50179 0.72853
0.50966 0.74139
0.51149 0.72555
0.52057 0.73719
0.5066 0.74198
0.52665 0.02187
0.52171 0.0425
0.53538 0.028877
0.53499 0.0425
0.52751 0.0425
0.53411 0.0425
0.52099 0.66305
0.52795 0.66798
0.53562 0.67682
0.52751 0.68696
0.5287 0.6946
0.5373 0.67963
0.54145 0.6906
0.52142 0.70511
0.52714 0.71788
0.54204 0.70626
0.53135 0.71273
0.5216 0.72168
0.52314 0.73565
0.53425 0.72516
0.54239 0.021605
0.54294 0.031061
0.55885 0.022008
0.55756 0.033126
0.54394 0.0425
0.55702 0.0425
0.53696 0.67902
0.54098 0.68875
0.54187 0.69271
0.54203 0.70632
0.54 0.71437
0.5675 0.023479
0.56258 0.034497
0.57748 0.024592
0.57597 0.0425
0.56463 0.0425
0.57805 0.0425
0.58597 0.02595
0.58659 0.033841
0.59607 0.027997
0.59396 0.0425
0.58302 0.0425
0.59528 0.0425
0.60468 0.022346
0.60333 0.0425
0.61605 0.027007
0.61671 0.031594
0.60846 0.0425
0.62532 0.026086
0.62253 0.033944
0.63196 0.027633
0.63345 0.0425
0.63637 0.0425
0.64515 0.021496
0.64742 0.034914
0.65501 0.028988
0.65191 0.0425
0.64344 0.0425
0.6515 0.0425
0.66603 0.021105
0.66109 0.0425
0.67788 0.028845
0.67301 0.0425
0.66523 0.0425
0.67237 0.0425
0.6819 0.024291
0.6839 0.032926
0.69191 0.027901
0.69793 0.0425
0.68216 0.0425
0.70627 0.025582
0.70281 0.031069
0.71314 0.023523
0.71721 0.033799
0.70291 0.0425
0.71114 0.0425
0.72639 0.023453
0.72616 0.0425
0.73531 0.02852
0.73665 0.034594
0.74589 0.023926
0.7445 0.034833
0.75827 0.028339
0.75752 0.0425
0.75478 0.0425
0.76177 0.023939
0.7627 0.0425
0.77118 0.02365
0.77278 0.0425
0.76207 0.0425
0.77382 0.0425
0.78594 0.024731
0.78234 0.0425
0.79652 0.026257
0.79365 0.0425
0.79186 0.0425
0.80126 0.022899
0.80885 0.0425
0.81646 0.023993
0.81336 0.031372
0.80525 0.0425
0.81646 0.0425
0.82811 0.025605
0.82279 0.0425
0.83733 0.024913
0.8344 0.031807
0.82456 0.0425
0.83408 0.0425
0.84152 0.023469
0.84622 0.0425
0.85268 0.023805
0.85418 0.0425
0.8472 0.0425
0.85863 0.0425
0.86323 0.02152
0.86202 0.0425
0.87457 0.027708
0.8711 0.0425
0.87308 0.0425
0.88848 0.023613
0.88765 0.032878
0.89301 0.023433
0.89106 0.0425
0.8874 0.0425
0.89333 0.0425
0.90186 0.021845
0.90279 0.0425
0.91587 0.026384
0.91291 0.0425
0.90345 0.0425
0.92862 0.023036
0.92745 0.03173
0.93811 0.027515
0.93343 0.031749
0.92735 0.0425
0.93234 0.0425
0.94842 0.024713
0.94829 0.0425
0.95453 0.028231
0.95184 0.0425
0.94832 0.0425
0.9511 0.0425
0.96856 0.026249
0.96538 0.0425
0.97513 0.025128
0.97391 0.032478
0.96194 0.0425
0.97163 0.0425
