142
0.14999 0.040021
0.14352 0.040054
0.15137 0.040003
0.31478 0.040102
0.28999 0.040113
0.18533 0.040053
0.15346 0.040334
0.30626 0.040073
0.29588 0.040081
0.14842 0.040328
0.14337 0.04032
0.28039 0.04008
0.25811 0.04011
0.14347 0.040024
0.18452 0.040126
0.27696 0.040086
0.265 0.040114
0.15517 0.040326
0.30179 0.040102
0.24832 0.040022
0.31014 0.040139
0.088077 0.040135
0.30458 0.040075
0.090678 0.04008
0.048192 0.040071
0.3171 0.040093
0.099682 0.04008
0.051677 0.040122
0.098952 0.04008
0.11268 0.040044
0.12599 0.040083
0.13048 0.040054
0.1519 0.040315
0.1375 0.040032
0.13203 0.04006
0.15302 0.040012
0.15152 0.040057
0.1452 0.040045
0.14718 0.040069
0.15151 0.04004
0.15679 0.04033
0.13652 0.04001
0.14961 0.040333
0.15439 0.040354
0.2206 0.040011
0.15128 0.04001
0.77996 0.040235
0.13067 0.040055
0.048686 0.040055
0.77863 0.040018
0.10825 0.040073
0.050636 0.040062
0.065314 0.040115
0.066501 0.040095
0.10121 0.040057
0.1469 0.040333
0.15863 0.040046
0.14667 0.040044
0.27164 0.040082
0.15468 0.040309
0.17107 0.04026
0.20885 0.040087
0.21927 0.040068
0.18098 0.040087
0.18624 0.040053
0.28349 0.040133
0.31296 0.040116
0.18387 0.040065
0.23876 0.040025
0.29676 0.040097
0.78477 0.040226
0.40279 0.040081
0.39455 0.04006
0.4083 0.04006
0.044145 0.040082
0.057279 0.040082
0.11346 0.040079
0.15579 0.040354
0.075771 0.040048
0.061846 0.0401
0.20349 0.040001
0.28632 0.040111
0.054874 0.040079
0.058863 0.040076
0.31249 0.040099
0.3343 0.040073
0.079872 0.040047
0.058757 0.040096
0.31229 0.040145
0.80622 0.040247
0.059015 0.040091
0.070574 0.040083
0.81287 0.040353
0.80644 0.040279
0.27196 0.040084
0.18165 0.040047
0.79101 0.040272
0.40206 0.040095
0.063857 0.040062
0.056278 0.040105
0.11692 0.040077
0.14046 0.040034
0.059153 0.040097
0.092613 0.040076
0.082309 0.040133
0.089868 0.040094
0.043116 0.040076
0.058218 0.040038
0.11234 0.040085
0.098048 0.040106
0.080732 0.040098
0.043075 0.040045
0.10561 0.040076
0.068809 0.040104
0.079161 0.04009
0.053555 0.040074
0.064728 0.040073
0.098665 0.040081
0.05629 0.040045
0.075982 0.040088
0.053549 0.040104
0.06754 0.04006
0.095298 0.04007
0.22577 0.040055
0.26551 0.04012
0.087066 0.04007
0.20041 0.040075
0.16002 0.040326
0.097552 0.040062
0.25801 0.040044
0.20043 0.040036
0.13424 0.040262
0.16062 0.040359
0.13683 0.04027
0.28912 0.040079
0.25359 0.040069
0.1773 0.04004
0.30308 0.040093
0.12681 0.04007
0.22789 0.04001
0.32506 0.040169
0.1868 0.040052
