73
0.035 0.040585
0.05877 0.039021
0.077846 0.038979
0.10635 0.038969
0.14007 0.038967
0.16088 0.038967
0.17693 0.038967
0.19019 0.038967
0.20809 0.038967
0.2221 0.038967
0.24159 0.038967
0.25509 0.038967
0.26906 0.038967
0.2966 0.038967
0.30289 0.038967
0.32827 0.038967
0.34577 0.038966
0.35604 0.038965
0.37521 0.038959
0.39271 0.038898
0.41454 0.038607
0.42048 0.038484
0.45853 0.037494
0.4643 0.068738
0.46258 0.073613
0.47288 0.037225
0.48914 0.037081
0.49834 0.07749
0.47399 0.069622
0.47991 0.06833
0.48804 0.075559
0.4896 0.069754
0.46396 0.076069
0.47163 0.07311
0.49543 0.075306
0.49219 0.074401
0.50327 0.037042
0.51843 0.037071
0.50732 0.076845
0.51457 0.075059
0.50169 0.067976
0.52768 0.068048
0.53575 0.068181
0.50648 0.075006
0.5123 0.075165
0.53568 0.075887
0.52585 0.070993
0.50191 0.072367
0.54804 0.037547
0.55359 0.037696
0.53739 0.070591
0.53132 0.074697
0.58804 0.038608
0.61107 0.038915
0.62902 0.038963
0.63775 0.038965
0.65167 0.038966
0.6738 0.038967
0.68787 0.038967
0.71322 0.038967
0.7299 0.038967
0.75581 0.038967
0.78036 0.038967
0.79306 0.038967
0.80333 0.038967
0.83075 0.038967
0.84306 0.038967
0.85597 0.038968
0.88041 0.038979
0.90428 0.039034
0.92352 0.039736
0.94752 0.0439
0.95546 0.04547
