679
0.94693 0.47461
0.94672 0.49292
0.94682 0.49754
0.95019 0.53299
0.93733 0.40961
0.92681 0.41951
0.92962 0.41588
0.92851 0.41715
0.92312 0.42672
0.94984 0.44201
0.92196 0.42962
0.92886 0.4459
0.92541 0.4563
0.9251 0.46606
0.92984 0.46487
0.92829 0.46896
0.92456 0.47777
0.94681 0.49722
0.92845 0.4889
0.9293 0.50345
0.94792 0.51728
0.94827 0.52081
0.9271 0.50551
0.92645 0.50875
0.9503 0.53343
0.9521 0.53719
0.92905 0.52423
0.93098 0.53478
0.92756 0.54143
0.92787 0.5424
0.91628 0.37377
0.94371 0.4003
0.94439 0.42139
0.91122 0.37743
0.91237 0.39905
0.94156 0.4271
0.94127 0.4353
0.91745 0.41203
0.91776 0.41748
0.94054 0.45048
0.94353 0.46869
0.91145 0.42642
0.9176 0.44055
0.94037 0.49408
0.93839 0.50501
0.91443 0.44952
0.91506 0.46197
0.93463 0.52314
0.93487 0.53197
0.91343 0.46865
0.91554 0.47959
0.93325 0.53749
0.93665 0.55253
0.91726 0.49303
0.91433 0.49722
0.93936 0.55575
0.94195 0.55655
0.94283 0.5596
0.91602 0.51767
0.94437 0.56062
0.94313 0.56673
0.91494 0.53077
0.91481 0.54127
0.93521 0.56487
0.94144 0.57727
0.91682 0.55574
0.9431 0.57878
0.91289 0.57266
0.93886 0.38488
0.92564 0.3736
0.92151 0.37248
0.93704 0.39865
0.9316 0.40201
0.92647 0.40654
0.92389 0.41104
0.93211 0.42155
0.93071 0.43246
0.92489 0.41666
0.92228 0.42813
0.93244 0.44808
0.93027 0.44879
0.92177 0.4396
0.92344 0.45946
0.92775 0.45758
0.92494 0.48236
0.9223 0.46356
0.92228 0.47859
0.92339 0.49196
0.92027 0.51641
0.92052 0.4812
0.92202 0.498
0.92127 0.51644
0.92163 0.52207
0.92075 0.49984
0.91918 0.50788
0.92087 0.54888
0.92299 0.53761
0.92118 0.52375
0.92332 0.5392
0.92413 0.54663
0.92788 0.57429
0.9241 0.54593
0.92017 0.54439
0.9291 0.58018
0.92974 0.58292
0.92098 0.56079
0.92019 0.56671
0.93279 0.59361
0.93092 0.58727
0.92538 0.57974
0.9249 0.59276
0.93509 0.59954
0.93468 0.60478
0.93577 0.61516
0.90558 0.34814
0.94288 0.38726
0.91407 0.34805
0.91259 0.36138
0.94328 0.40671
0.90926 0.37328
0.91582 0.37005
0.91718 0.38385
0.936 0.43542
0.93572 0.44607
0.9186 0.39394
0.91718 0.3997
0.91086 0.40787
0.93444 0.47074
0.91902 0.41489
0.91363 0.42129
0.932 0.49121
0.90979 0.43908
0.91778 0.43474
0.91663 0.44858
0.91928 0.53302
0.91808 0.5356
0.91671 0.457
0.91742 0.47501
0.90974 0.47423
0.91976 0.55656
0.91707 0.47787
0.91597 0.48956
0.92276 0.57749
0.92369 0.57436
0.91695 0.50036
0.91639 0.50642
0.92947 0.58561
0.92827 0.58197
0.91532 0.51732
0.91246 0.52271
0.93412 0.59975
0.93512 0.60367
0.91444 0.53054
0.91593 0.54533
0.93972 0.60733
0.94386 0.60877
0.91229 0.55405
0.91601 0.57098
0.94517 0.61132
0.94106 0.61652
0.91683 0.58387
0.91398 0.58967
0.94216 0.62378
0.94516 0.62534
0.91384 0.59506
0.9171 0.61293
0.92731 0.41765
0.92247 0.36791
0.92111 0.37926
0.92401 0.41738
0.92176 0.41464
0.92194 0.40957
0.92151 0.40025
0.92154 0.44561
0.92199 0.44196
0.92221 0.4174
0.9206 0.41526
0.92258 0.46552
0.92161 0.46972
0.92069 0.42664
0.92013 0.43733
0.92013 0.47237
0.91676 0.48354
0.91985 0.45012
0.91696 0.48212
0.9133 0.50085
0.91251 0.50925
0.9153 0.49681
0.91812 0.47819
0.90715 0.54228
0.91136 0.53176
0.91586 0.51686
0.91795 0.49774
0.90806 0.56456
0.90854 0.56616
0.91661 0.52482
0.9162 0.5356
0.90912 0.57051
0.90737 0.58887
0.91598 0.54883
0.91746 0.5393
0.90804 0.59824
0.91039 0.59421
0.91802 0.55805
0.91723 0.57725
0.91249 0.60877
0.91624 0.59274
0.91886 0.58412
0.91989 0.59241
0.91686 0.62217
0.92043 0.62847
0.92077 0.60539
0.92162 0.61584
0.92145 0.62116
0.92439 0.64704
0.91932 0.60715
0.9207 0.61963
0.92656 0.64513
0.93421 0.6467
0.93624 0.64545
0.92846 0.42718
0.91006 0.39804
0.90468 0.41843
0.91566 0.37526
0.91716 0.38334
0.91148 0.40538
0.9146 0.40056
0.91786 0.3896
0.91747 0.39201
0.91539 0.42841
0.91487 0.44051
0.92315 0.47398
0.91765 0.41399
0.91784 0.42532
0.91557 0.45443
0.91758 0.42261
0.91649 0.43131
0.91583 0.454
0.90852 0.49962
0.91624 0.44843
0.91598 0.45145
0.90905 0.50648
0.91235 0.49184
0.91602 0.47361
0.91581 0.48778
0.91365 0.50009
0.9081 0.54331
0.91592 0.49686
0.91579 0.50104
0.91339 0.51856
0.90651 0.56224
0.91531 0.51755
0.91543 0.51663
0.91179 0.54327
0.91249 0.54718
0.91471 0.52448
0.91496 0.53001
0.91164 0.55746
0.90884 0.59078
0.91213 0.62141
0.91537 0.55719
0.91263 0.57913
0.91182 0.60064
0.9145 0.56619
0.91484 0.5726
0.90999 0.62138
0.91027 0.62639
0.92561 0.65068
0.9273 0.65443
0.91299 0.61319
0.91436 0.61176
0.9132 0.60359
0.91574 0.61793
0.91507 0.63142
0.91865 0.63711
0.9158 0.62933
0.92107 0.64297
0.9216 0.64448
0.93046 0.49569
0.90557 0.42694
0.92218 0.48858
0.92988 0.50817
0.90793 0.44329
0.91155 0.46726
0.9309 0.52056
0.91325 0.51121
0.91169 0.46679
0.91216 0.46954
0.91258 0.50235
0.91719 0.38911
0.90879 0.49368
0.90979 0.48661
0.91299 0.39273
0.91452 0.4004
0.90703 0.41058
0.90664 0.42185
0.91107 0.40842
0.91389 0.43325
0.90458 0.52688
0.90024 0.55392
0.91072 0.4321
0.91008 0.44127
0.90108 0.56634
0.90259 0.56817
0.91283 0.45813
0.91369 0.47363
0.90521 0.55989
0.90297 0.57405
0.9101 0.47417
0.91329 0.48553
0.90158 0.58935
0.90039 0.60254
0.91296 0.50225
0.91294 0.50566
0.90483 0.59785
0.90686 0.52362
0.91374 0.51792
0.91129 0.52791
0.90286 0.62469
0.90321 0.64296
0.91164 0.53865
0.91048 0.54197
0.90699 0.64075
0.90788 0.63802
0.91002 0.55777
0.91061 0.56281
0.90714 0.66383
0.90916 0.66692
0.90888 0.57609
0.91173 0.59432
0.90236 0.59902
0.92887 0.67286
0.90686 0.59735
0.90382 0.60739
0.89743 0.62462
0.93252 0.66894
0.90614 0.62873
0.90139 0.62563
0.90811 0.48359
0.90747 0.48385
0.90674 0.51156
0.92991 0.5408
0.9134 0.53558
0.90484 0.53004
0.91266 0.54974
0.91662 0.43688
0.91434 0.4241
0.90353 0.46604
0.89681 0.48394
0.91654 0.40874
0.91497 0.42975
0.90084 0.47399
0.90476 0.47807
0.91499 0.43366
0.91456 0.44162
0.9001 0.50788
0.90415 0.4961
0.91201 0.46693
0.90999 0.48591
0.89642 0.53219
0.9059 0.50427
0.91393 0.47236
0.90981 0.50741
0.9061 0.51266
0.89596 0.5552
0.91115 0.51055
0.91163 0.51998
0.89797 0.56311
0.9003 0.56071
0.91019 0.53699
0.91375 0.5264
0.90505 0.55619
0.90059 0.5933
0.91426 0.52798
0.91404 0.54202
0.90092 0.59858
0.90763 0.58219
0.91386 0.5477
0.91349 0.56164
0.90582 0.59381
0.90013 0.62341
0.9111 0.58824
0.91274 0.58543
0.89861 0.64113
0.90037 0.64756
0.91287 0.59603
0.91237 0.62146
0.90357 0.65803
0.90964 0.6429
0.91316 0.63677
0.9123 0.61894
0.91273 0.68159
0.91563 0.67093
0.91347 0.64372
0.91605 0.65499
0.92204 0.68329
0.91832 0.66704
0.88902 0.49492
0.87544 0.49487
0.9009 0.53934
0.89501 0.49459
0.89145 0.51635
0.89935 0.55834
0.89369 0.49914
0.89066 0.50665
0.8917 0.53415
0.91261 0.40653
0.89341 0.49967
0.91102 0.39673
0.91485 0.39499
0.91543 0.41239
0.91139 0.41311
0.91162 0.42194
0.91491 0.41398
0.91415 0.43478
0.89287 0.54535
0.91053 0.44626
0.91399 0.44322
0.91271 0.44346
0.89155 0.56082
0.88899 0.57999
0.91346 0.45773
0.91404 0.47561
0.91118 0.47354
0.90887 0.48202
0.91409 0.4908
0.91294 0.48706
0.90931 0.49467
0.89431 0.61615
0.91268 0.49925
0.91441 0.52005
0.89346 0.62586
0.90931 0.52311
0.91283 0.5146
0.91298 0.5317
0.90948 0.53286
0.8947 0.64322
0.91395 0.54323
0.91223 0.55186
0.90939 0.55329
0.89451 0.67179
0.91274 0.56313
0.91118 0.56899
0.90522 0.57688
0.90722 0.58673
0.91211 0.57952
0.91024 0.58611
0.91129 0.69162
0.91847 0.7028
0.90987 0.60465
0.90957 0.61962
0.92884 0.70022
0.93033 0.70285
0.91198 0.65915
0.848 0.51154
0.84279 0.5154
0.88714 0.51434
0.89696 0.55642
0.84748 0.51458
0.89767 0.5105
0.89819 0.45059
0.90831 0.42357
0.8989 0.59483
0.90144 0.48342
0.90555 0.44948
0.91332 0.42883
0.89909 0.47447
0.89702 0.4889
0.91233 0.44455
0.91237 0.44754
0.89041 0.51951
0.88615 0.53429
0.91193 0.46061
0.911 0.47365
0.89508 0.5146
0.8956 0.52688
0.90486 0.50671
0.90756 0.51303
0.88956 0.54821
0.89228 0.56496
0.90711 0.52148
0.9073 0.53969
0.89446 0.57673
0.89656 0.576
0.90893 0.54363
0.91355 0.53043
0.89361 0.60117
0.89836 0.5891
0.90991 0.56247
0.91379 0.54796
0.89339 0.61673
0.89451 0.62891
0.91308 0.55964
0.91087 0.58167
0.90191 0.61404
0.89356 0.65154
0.91298 0.58139
0.91181 0.59654
0.89952 0.63774
0.9001 0.65232
0.90494 0.63657
0.90873 0.62247
0.89629 0.67109
0.89256 0.68677
0.90594 0.64438
0.9099 0.64785
0.89842 0.6703
0.90068 0.73799
0.91172 0.69457
0.90946 0.71057
0.84721 0.51666
0.89065 0.51582
0.85497 0.52511
0.86072 0.52737
0.90004 0.54968
0.89013 0.54309
0.88502 0.54453
0.8905 0.60322
0.88722 0.52464
0.90921 0.44139
0.88824 0.49276
0.89316 0.48632
0.91088 0.44759
0.9064 0.47093
0.89345 0.49417
0.90111 0.48157
0.91263 0.45839
0.91228 0.47232
0.89321 0.52614
0.90245 0.50126
0.91468 0.47461
0.91082 0.4955
0.90175 0.51223
0.89979 0.53394
0.91003 0.50593
0.88879 0.61135
0.89758 0.55451
0.89863 0.55602
0.90834 0.53691
0.91423 0.52932
0.9039 0.55986
0.89986 0.58655
0.9159 0.53476
0.91469 0.55215
0.90216 0.59246
0.89962 0.62004
0.91381 0.56241
0.91399 0.57031
0.90137 0.61382
0.90164 0.6184
0.90813 0.5986
0.89172 0.68544
0.89497 0.64424
0.90049 0.62629
0.90854 0.6058
0.88837 0.71079
0.899 0.63242
0.8857 0.67108
0.90867 0.62571
0.89737 0.74516
0.87144 0.71065
0.87631 0.69702
0.86279 0.52744
0.86555 0.52646
0.89202 0.57338
0.8755 0.52461
0.88408 0.53199
0.88474 0.60773
0.89001 0.52612
0.89909 0.58603
0.88489 0.61597
0.891 0.53247
0.89198 0.5509
0.88394 0.61998
0.892 0.64536
0.89165 0.55457
0.89139 0.54913
0.89258 0.66066
0.89413 0.68258
0.89221 0.57087
0.89283 0.59178
0.89298 0.67596
0.891 0.68275
0.89224 0.58486
0.89342 0.61232
0.89661 0.72487
0.89508 0.62782
0.89488 0.60811
0.89685 0.61523
0.89332 0.72342
0.89668 0.66609
0.89635 0.63932
0.89658 0.66248
0.89395 0.73025
0.90055 0.73939
0.896 0.6524
0.89455 0.66417
0.89718 0.67843
0.90353 0.74966
0.89268 0.65982
0.88754 0.68117
0.91239 0.76356
0.9157 0.76749
0.88533 0.6943
0.90486 0.76626
0.89454 0.74653
0.89907 0.76145
0.90115 0.76468
0.88363 0.5355
0.89431 0.55956
0.89207 0.56704
0.87409 0.5628
0.87376 0.56523
0.89277 0.58897
0.89653 0.61614
0.87781 0.58963
0.88039 0.60522
0.89654 0.63117
0.89586 0.63634
0.88122 0.62144
0.87951 0.62697
0.89719 0.65626
0.89403 0.66198
0.87584 0.63895
0.87553 0.65274
0.88912 0.66952
0.89428 0.69758
0.88257 0.67171
0.88541 0.68368
0.89114 0.70593
0.89427 0.72403
0.88609 0.69876
0.88408 0.7096
0.89935 0.73358
0.897 0.73001
0.88431 0.71791
0.87867 0.72096
0.89933 0.73586
0.89569 0.73555
0.86943 0.72658
0.87604 0.73233
0.88345 0.73345
0.87415 0.73999
0.85874 0.73259
0.8628 0.74118
0.87835 0.73939
0.87343 0.74011
0.87693 0.56787
0.88034 0.56713
0.87726 0.57115
0.88 0.56784
0.87629 0.5722
0.87798 0.60001
0.87594 0.61425
0.85867 0.59036
0.83989 0.61047
0.87806 0.6103
0.87433 0.6471
0.83032 0.622
0.87726 0.61907
0.87557 0.65066
0.87827 0.64489
0.81947 0.64891
0.82184 0.65472
0.88061 0.68358
0.8805 0.68843
0.87787 0.65099
0.83063 0.66976
0.87737 0.69864
0.86916 0.69716
0.84129 0.67902
0.85126 0.68356
0.86291 0.68924
0.86457 0.71404
0.86092 0.68797
0.86344 0.71711
0.82384 0.6583
0.827 0.66395
0.83482 0.67446
