142
0.96628 0.3201
0.96556 0.33775
0.96759 0.35203
0.95954 0.32083
0.96584 0.31251
0.9686 0.31042
0.96713 0.31601
0.96359 0.32725
0.96614 0.33118
0.96597 0.32204
0.96534 0.33061
0.96881 0.33404
0.97304 0.34221
0.96553 0.33726
0.97312 0.35236
0.9747 0.3484
0.97541 0.36025
0.96973 0.36112
0.97793 0.37104
0.9744 0.37868
0.97871 0.39323
0.95159 0.33349
0.96237 0.31697
0.94947 0.33852
0.95046 0.35087
0.96113 0.33378
0.95934 0.35048
0.95249 0.35194
0.95516 0.37018
0.96031 0.35666
0.96862 0.3582
0.95906 0.37133
0.97192 0.37673
0.97813 0.36143
0.98035 0.363
0.98205 0.37327
0.98344 0.37031
0.98345 0.37404
0.98391 0.38487
0.98591 0.38045
0.98783 0.39695
0.98262 0.40101
0.98452 0.40366
0.98674 0.39815
0.99182 0.41384
0.95141 0.34847
0.94963 0.36088
0.95006 0.34648
0.95309 0.35913
0.95145 0.35607
0.95726 0.36531
0.95714 0.36894
0.95587 0.37486
0.96075 0.37283
0.9621 0.37947
0.96477 0.38272
0.97315 0.38362
0.9658 0.38288
0.97427 0.39591
0.98185 0.37788
0.98425 0.38641
0.97863 0.39057
0.98235 0.39465
0.98651 0.39595
0.98796 0.40214
0.98394 0.41003
0.98727 0.4209
0.98865 0.40333
0.9908 0.41177
0.99009 0.4182
0.99285 0.42779
0.94363 0.37449
0.94318 0.37544
0.95179 0.38829
0.93152 0.3968
0.93426 0.41556
0.95635 0.38348
0.96219 0.39598
0.94127 0.41173
0.95328 0.41378
0.96585 0.39793
0.97241 0.40104
0.95483 0.42585
0.96264 0.41923
0.97305 0.41022
0.9783 0.41801
0.96203 0.43598
0.97759 0.42325
0.98409 0.4188
0.98797 0.4304
0.9826 0.42821
0.97962 0.4463
0.99223 0.43449
1 0.44314
0.98872 0.45166
0.99404 0.45839
1 0.44406
0.99883 0.44922
0.91999 0.41698
0.91549 0.4278
0.91701 0.42917
0.92365 0.434
0.93249 0.42555
0.93572 0.43513
0.92824 0.43386
0.93155 0.44895
0.93857 0.44961
0.94079 0.45622
0.93334 0.45153
0.93294 0.4654
0.95724 0.445
0.95425 0.46636
0.93924 0.47297
0.94658 0.47106
0.96689 0.45202
0.97097 0.46423
0.94949 0.48125
0.94699 0.4944
0.96544 0.48243
0.97758 0.4807
0.94578 0.50781
0.96568 0.4924
0.92294 0.43678
0.91437 0.4668
0.92756 0.45648
0.91534 0.46252
0.91212 0.48569
0.92905 0.46909
0.9304 0.47221
0.91334 0.50048
0.91401 0.50502
0.93422 0.48295
0.93566 0.49181
0.92378 0.50266
0.9241 0.52187
0.9337 0.50758
0.93574 0.51777
0.92541 0.52208
0.938 0.5155
0.91349 0.50155
0.91578 0.51341
0.9198 0.51983
