340
0.051871 0.020015
0.22055 0.023548
0.23454 0.023324
0.20084 0.034292
0.13229 0.045931
0.23845 0.022085
0.15419 0.040552
0.16889 0.038035
0.088866 0.039818
0.10935 0.038246
0.1006 0.035416
0.22789 0.033565
0.085966 0.040383
0.24251 0.029692
0.082615 0.041055
0.082103 0.040907
0.082769 0.041062
0.25126 0.026485
0.077556 0.039774
0.24082 0.032893
0.064539 0.030978
0.046898 0.030329
0.22223 0.036037
0.042726 0.03294
0.23856 0.034986
0.04259 0.033584
0.042719 0.032919
0.04271 0.033341
0.22402 0.036866
0.044496 0.034973
0.26889 0.02906
0.053641 0.030321
0.044324 0.034871
0.064745 0.031952
0.25436 0.034401
0.23856 0.037424
0.28022 0.023013
0.097386 0.037712
0.090314 0.040625
0.091878 0.040344
0.28154 0.032468
0.25693 0.036655
0.29765 0.022163
0.25439 0.039434
0.10164 0.040748
0.29821 0.032394
0.086248 0.042305
0.30674 0.032852
0.10098 0.041271
0.31281 0.034509
0.24135 0.040274
0.31337 0.022713
0.065753 0.033665
0.094387 0.034372
0.19285 0.039472
0.31704 0.023548
0.27209 0.040524
0.32684 0.033505
0.3193 0.039302
0.2612 0.040573
0.31723 0.038755
0.32779 0.023233
0.30608 0.037293
0.34501 0.038412
0.22927 0.040689
0.26517 0.040974
0.34276 0.032914
0.026399 0.030106
0.36123 0.043409
0.3799 0.039952
0.024954 0.030571
0.035739 0.022911
0.35421 0.037204
0.38287 0.040686
0.35839 0.039035
0.27841 0.040687
0.16718 0.032749
0.35471 0.033776
0.16416 0.033151
0.35851 0.035308
0.34783 0.047117
0.16631 0.032774
0.15641 0.034776
0.3886 0.039079
0.18693 0.028545
0.38042 0.035293
0.28024 0.040487
0.16645 0.032434
0.20676 0.027678
0.39287 0.039076
0.1979 0.024156
0.37072 0.031933
0.16894 0.023083
0.18115 0.023258
0.41843 0.040859
0.14031 0.021451
0.41301 0.04209
0.14647 0.037518
0.068211 0.021013
0.44086 0.044778
0.19336 0.025282
0.40271 0.039623
0.18814 0.024588
0.14628 0.030136
0.42967 0.04275
0.14287 0.027691
0.40129 0.038828
0.074742 0.023132
0.14301 0.027546
0.13127 0.023462
0.48467 0.05733
0.16516 0.023924
0.34656 0.047331
0.048336 0.022201
0.054133 0.022207
0.49444 0.068965
0.15475 0.033796
0.4938 0.064346
0.12708 0.035582
0.15227 0.023198
0.116 0.031057
0.38655 0.031617
0.04058 0.023121
0.37861 0.025486
0.41512 0.035822
0.023692 0.029887
0.50992 0.073472
0.43041 0.043265
0.50961 0.072749
0.098563 0.023955
0.14308 0.022502
0.50654 0.070303
0.40689 0.0237
0.50053 0.07081
0.51003 0.084389
0.42293 0.029436
0.40815 0.025042
0.43114 0.037396
0.41467 0.029405
0.40569 0.026781
0.47873 0.048766
0.428 0.020356
0.42335 0.02123
0.50678 0.020309
0.51206 0.020087
0.40565 0.033188
0.47651 0.020555
0.40685 0.031716
0.45328 0.023929
0.40728 0.031788
0.41259 0.032699
0.44207 0.027216
0.48807 0.022052
0.43568 0.030405
0.44692 0.031968
0.45613 0.02466
0.51534 0.021587
0.44678 0.037701
0.45516 0.028684
0.49813 0.026713
0.49743 0.028565
0.46002 0.027263
0.45933 0.039441
0.50853 0.027431
0.51086 0.020866
0.47335 0.045159
0.50356 0.027776
0.5425 0.023128
0.54315 0.027459
0.59028 0.020752
0.55644 0.047956
0.54631 0.024274
0.55402 0.046405
0.54221 0.038521
0.55847 0.045431
0.52622 0.023592
0.5357 0.045725
0.55908 0.045094
0.58476 0.028509
0.52827 0.024135
0.51999 0.026595
0.58133 0.030319
0.55345 0.02159
0.52922 0.053983
0.52912 0.050574
0.55706 0.021676
0.5159 0.060551
0.51762 0.032982
0.53686 0.037384
0.51182 0.073719
0.52112 0.067322
0.52283 0.029755
0.61248 0.024313
0.55315 0.042098
0.53893 0.057912
0.51919 0.078956
0.54136 0.051791
0.5193 0.079779
0.55565 0.043259
0.54711 0.04487
0.9583 0.032133
0.55531 0.037149
0.55612 0.035822
0.83127 0.031692
0.78845 0.033571
0.58042 0.025402
0.57887 0.027687
0.92434 0.039
0.56123 0.032234
0.54515 0.039728
0.53557 0.053732
0.55882 0.029533
0.61253 0.026616
0.52583 0.071171
0.57311 0.041032
0.82032 0.032648
0.93783 0.027587
0.88102 0.024211
0.84244 0.029572
0.78684 0.032841
0.78727 0.033124
0.86644 0.037218
0.51162 0.074882
0.52638 0.074187
0.78661 0.029201
0.52342 0.080289
0.9608 0.026781
0.95849 0.026905
0.9603 0.026778
0.52334 0.083472
0.80582 0.028097
0.60249 0.041059
0.94465 0.025392
0.95801 0.026844
0.94299 0.024497
0.57093 0.043335
0.88713 0.023038
0.54941 0.057601
0.90688 0.030942
0.84554 0.026359
0.55817 0.053635
0.78066 0.026694
0.57507 0.046974
0.82575 0.022551
0.84473 0.023976
0.61739 0.030503
0.84301 0.030165
0.6051 0.039553
0.8658 0.023602
0.85878 0.025584
0.8658 0.02363
0.62874 0.02807
0.85462 0.023747
0.6102 0.03902
0.78593 0.025835
0.8304 0.021444
0.78748 0.025497
0.61432 0.034344
0.65493 0.039443
0.61587 0.040418
0.87653 0.038504
0.80957 0.03338
0.62652 0.041092
0.63193 0.047231
0.63144 0.036918
0.67651 0.037174
0.87975 0.038208
0.89305 0.031843
0.6366 0.034581
0.93485 0.028051
0.64552 0.039395
0.69306 0.03788
0.64422 0.032026
0.69768 0.038294
0.6617 0.034388
0.97198 0.041606
0.97229 0.04192
0.65166 0.029387
0.96817 0.040101
0.65617 0.027969
0.96256 0.040028
0.96909 0.04027
0.96211 0.040053
0.66826 0.028678
0.95008 0.040033
0.68042 0.03094
0.9368 0.032867
0.93863 0.033654
0.6724 0.025237
0.93324 0.032529
0.6833 0.027293
0.72401 0.042884
0.93296 0.033732
0.94357 0.036384
0.69877 0.031086
0.94529 0.037511
0.70214 0.030916
0.7683 0.037284
0.94565 0.037754
0.95817 0.039506
0.69864 0.027849
0.95825 0.039
0.70597 0.030237
0.9567 0.038785
0.95818 0.038959
0.95155 0.038935
0.70279 0.024103
0.94344 0.035195
0.74752 0.038238
0.92981 0.034975
0.93135 0.036875
0.71603 0.030668
0.81967 0.038405
0.71717 0.030176
0.89034 0.039854
0.88741 0.040263
0.89737 0.038151
0.71755 0.025172
0.90846 0.040646
0.72904 0.03709
0.89163 0.036678
0.90859 0.040624
0.72688 0.027632
0.77438 0.036519
0.74179 0.033335
0.76742 0.033451
0.8473 0.037189
0.84416 0.040367
0.73602 0.027178
0.79416 0.038905
0.7441 0.028121
0.78597 0.039089
0.79407 0.038935
0.7875 0.039867
0.78003 0.020934
0.79 0.022615
0.91164 0.020124
0.88399 0.020342
0.7738 0.024019
0.87801 0.020797
