142
1 0.18424
1 0.16334
1 0.15175
0.92222 0.28335
0.96626 0.27737
1 0.1953
1 0.18759
0.96391 0.27247
0.99753 0.23228
1 0.18235
1 0.17115
1 0.21559
1 0.17771
1 0.16381
1 0.15675
1 0.1749
1 0.16332
1 0.14886
1 0.17804
1 0.16107
1 0.19087
0.90338 0.29051
0.9364 0.27475
0.89383 0.29808
0.89489 0.31163
0.95474 0.27447
0.96926 0.26709
0.92409 0.28618
0.94201 0.27987
0.98072 0.25528
1 0.23732
0.96452 0.26895
1 0.25658
1 0.2015
1 0.18925
1 0.22465
1 0.2088
1 0.19409
1 0.20333
1 0.20312
1 0.22636
1 0.2063
1 0.20992
1 0.2149
1 0.22512
0.85081 0.36228
0.84269 0.37431
0.85932 0.34719
0.88877 0.33292
0.84454 0.37421
0.88322 0.34931
0.90375 0.32849
0.91876 0.31053
0.91218 0.32352
0.91863 0.31883
0.95259 0.28733
1 0.26543
0.94897 0.29102
0.9952 0.27675
1 0.23826
1 0.24678
1 0.2754
1 0.27163
1 0.24801
1 0.24414
1 0.28791
1 0.29271
1 0.23547
1 0.23857
1 0.27056
1 0.28203
0.83248 0.37664
0.83147 0.37719
0.85867 0.37512
0.80123 0.39956
0.80629 0.42
0.88122 0.35484
0.91411 0.33447
0.82405 0.41333
0.86991 0.38841
0.9374 0.31353
0.98119 0.28149
0.88444 0.38384
0.91998 0.34914
0.98148 0.29082
1 0.30782
0.92581 0.35215
1 0.31052
1 0.30261
1 0.31341
1 0.32056
1 0.33641
1 0.30688
1 0.29886
1 0.33596
1 0.33305
1 0.30115
1 0.31324
0.77698 0.42003
0.77744 0.4188
0.79208 0.40307
0.84048 0.3556
0.80633 0.42451
0.8222 0.42085
0.82915 0.38628
0.85382 0.37742
0.84771 0.40907
0.86435 0.40152
0.85534 0.38428
0.86747 0.38225
0.90939 0.37122
0.92416 0.38725
0.88915 0.38414
0.90601 0.38871
0.96374 0.33285
0.99285 0.33932
0.92779 0.40162
0.93025 0.40302
0.98573 0.39602
1 0.37089
0.93273 0.38796
0.99597 0.39862
0.83922 0.35806
0.8062 0.41203
0.85122 0.37705
0.81079 0.40388
0.79419 0.44217
0.85712 0.38845
0.86201 0.38967
0.8001 0.45284
0.80363 0.45437
0.87806 0.39354
0.88601 0.39889
0.83197 0.44489
0.84076 0.44429
0.87994 0.41086
0.89153 0.40166
0.84534 0.44151
0.90202 0.39267
0.8009 0.45325
0.81199 0.45538
0.82635 0.4514
