73
0.035 0.91683
0.05877 0.93088
0.077846 0.17336
0.10635 0.15086
0.14007 0.1314
0.16088 0.17265
0.17693 0.22861
0.19019 0.17524
0.20809 0.11934
0.2221 0.17481
0.24159 0.16694
0.25509 0.1883
0.26906 0.16691
0.2966 0.16924
0.30289 0.1698
0.32827 0.17763
0.34577 0.17629
0.35604 0.24612
0.37521 0.14786
0.39271 0.38956
0.41454 0.32437
0.42048 0.15417
0.45853 0.17649
0.4643 0.18603
0.46258 0.14676
0.47288 0.17604
0.48914 0.20006
0.49834 0.16265
0.47399 0.15252
0.47991 0.24153
0.48804 0.17411
0.4896 0.46944
0.46396 0.12127
0.47163 0.17636
0.49543 0.18356
0.49219 0.17834
0.50327 0.20089
0.51843 0.45324
0.50732 0.24577
0.51457 0.15425
0.50169 0.13031
0.52768 0.23046
0.53575 0.30712
0.50648 0.17607
0.5123 0.15014
0.53568 0.16513
0.52585 0.297
0.50191 0.15082
0.54804 0.24771
0.55359 0.30368
0.53739 0.16261
0.53132 0.15092
0.58804 0.33118
0.61107 0.12457
0.62902 0.15138
0.63775 0.17379
0.65167 0.28804
0.6738 0.18682
0.68787 0.1695
0.71322 0.15263
0.7299 0.13425
0.75581 0.12613
0.78036 0.1694
0.79306 0.24886
0.80333 0.14915
0.83075 0.12611
0.84306 0.181
0.85597 0.17112
0.88041 0.18133
0.90428 0.93197
0.92352 0.92385
0.94752 0.91947
0.95546 0.92538
