142
0.14023 0.040158
0.12573 0.040111
0.14222 0.040139
0.29443 0.040176
0.25981 0.040123
0.13834 0.040118
0.14324 0.040128
0.283 0.040188
0.26757 0.04009
0.13731 0.04014
0.12535 0.040118
0.25072 0.040089
0.22254 0.040003
0.1256 0.040161
0.11972 0.040116
0.24798 0.040095
0.23439 0.040048
0.13693 0.04012
0.27637 0.040102
0.2078 0.040001
0.28846 0.040123
0.075419 0.040139
0.28052 0.0402
0.078409 0.040107
0.046101 0.040105
0.29729 0.040168
0.084532 0.040139
0.045796 0.040005
0.084066 0.040139
0.091575 0.040133
0.096578 0.04011
0.10022 0.040147
0.14269 0.040114
0.11125 0.040106
0.10203 0.040123
0.14328 0.040147
0.14234 0.040101
0.12997 0.040099
0.13464 0.040174
0.14236 0.040176
0.13214 0.040124
0.10927 0.040088
0.1396 0.040139
0.1416 0.040147
0.17421 0.040588
0.14206 0.040146
0.7561 0.040036
0.10041 0.040147
0.058008 0.040109
0.75479 0.04007
0.089603 0.040101
0.058611 0.040003
0.042183 0.040109
0.041194 0.040139
0.085448 0.040095
0.13394 0.040119
0.13029 0.040096
0.1334 0.040095
0.24303 0.040092
0.14002 0.040103
0.1278 0.040152
0.15557 0.040136
0.1718 0.040243
0.13563 0.040187
0.13738 0.040134
0.25325 0.040064
0.29217 0.040195
0.13798 0.040137
0.19826 0.041465
0.26884 0.040105
0.76084 0.040068
0.33014 0.04006
0.31431 0.040082
0.34165 0.040146
0.04855 0.040124
0.068859 0.0401
0.091851 0.040102
0.13407 0.040148
0.077572 0.040101
0.053909 0.040098
0.14738 0.040185
0.25584 0.04012
0.052971 0.040086
0.07022 0.040137
0.29155 0.04018
0.33881 0.040055
0.096731 0.040082
0.068915 0.040101
0.29131 0.040126
0.78214 0.040077
0.052592 0.0401
0.066349 0.040102
0.78869 0.040139
0.78239 0.040108
0.24338 0.040094
0.13627 0.040125
0.76704 0.040072
0.3287 0.040022
0.055504 0.040118
0.064524 0.040106
0.11611 0.040094
0.14833 0.040156
0.078932 0.040105
0.10498 0.040103
0.09255 0.040133
0.10664 0.040104
0.055431 0.040027
0.075036 0.040096
0.118 0.040089
0.11516 0.040114
0.089381 0.04012
0.046422 0.040117
0.11846 0.040105
0.067091 0.040123
0.085082 0.040138
0.064926 0.040132
0.054772 0.040129
0.11449 0.040099
0.051149 0.040097
0.086908 0.040134
0.058382 0.0401
0.059597 0.040116
0.11156 0.04009
0.22611 0.041154
0.26231 0.04011
0.10139 0.040099
0.19861 0.0406
0.1761 0.040027
0.11389 0.040081
0.23783 0.040125
0.20589 0.040622
0.13447 0.040115
0.17592 0.040021
0.13981 0.040112
0.2706 0.040085
0.23609 0.040063
0.17986 0.040004
0.29135 0.040185
0.12112 0.040107
0.21762 0.041572
0.32223 0.040121
0.18879 0.040011
