340
0.026161 0.020333
0.047654 0.022673
0.093259 0.020896
0.037874 0.025825
0.047418 0.026159
0.11725 0.020347
0.10628 0.023684
0.1359 0.022911
0.074182 0.028149
0.057732 0.026739
0.066985 0.027308
0.16852 0.022221
0.078242 0.029062
0.18555 0.022515
0.083431 0.032363
0.081438 0.030808
0.083646 0.032495
0.19577 0.022604
0.099801 0.031578
0.19978 0.024888
0.12354 0.030715
0.13495 0.029287
0.20378 0.027073
0.15841 0.031923
0.21446 0.027851
0.1604 0.033035
0.15829 0.031878
0.15982 0.032606
0.21134 0.031282
0.16056 0.033356
0.22784 0.026185
0.16249 0.034439
0.16053 0.033337
0.16265 0.034905
0.22251 0.032136
0.20663 0.036117
0.24297 0.022294
0.16514 0.035962
0.16577 0.035449
0.16613 0.035607
0.24611 0.031512
0.21752 0.036559
0.26183 0.021388
0.23152 0.035756
0.16668 0.035999
0.26647 0.027184
0.22307 0.037397
0.27501 0.029331
0.24239 0.038388
0.27525 0.034215
0.25897 0.036283
0.28477 0.022351
0.1843 0.03701
0.14026 0.034824
0.20321 0.038004
0.28823 0.02324
0.23702 0.038009
0.28635 0.033343
0.26403 0.037854
0.23034 0.037803
0.25701 0.039267
0.30091 0.022147
0.26773 0.037739
0.29434 0.033112
0.26998 0.038175
0.26892 0.037901
0.3176 0.026063
0.27452 0.039563
0.3056 0.030341
0.29008 0.038879
0.27456 0.039573
0.26963 0.038165
0.33616 0.027153
0.29185 0.038368
0.33851 0.02811
0.2921 0.039
0.13463 0.035977
0.34792 0.026281
0.11289 0.036232
0.35128 0.027264
0.31321 0.033615
0.11661 0.036047
0.10618 0.036145
0.34552 0.033602
0.075033 0.033174
0.35725 0.031659
0.32312 0.036722
0.081056 0.036729
0.057991 0.03084
0.35951 0.033602
0.043611 0.030607
0.36683 0.026135
0.043325 0.032554
0.040935 0.031677
0.36341 0.037531
0.047295 0.033297
0.3649 0.037705
0.16033 0.037215
0.05101 0.033792
0.36839 0.033535
0.080224 0.036822
0.3786 0.02723
0.073202 0.034313
0.051302 0.033954
0.36996 0.034929
0.049384 0.033903
0.38548 0.027108
0.049285 0.03391
0.049286 0.033897
0.049015 0.033881
0.37998 0.032299
0.073673 0.034988
0.30717 0.038802
0.053782 0.034294
0.049726 0.033951
0.39194 0.03533
0.23725 0.03847
0.39873 0.035047
0.077399 0.03626
0.12941 0.036114
0.24574 0.039589
0.40021 0.025229
0.34307 0.039753
0.41394 0.022715
0.40675 0.029226
0.34033 0.040024
0.40692 0.037842
0.361 0.03989
0.41185 0.039254
0.32156 0.03838
0.13551 0.036236
0.41344 0.039298
0.42802 0.027894
0.41521 0.039119
0.387 0.033996
0.44546 0.032159
0.42956 0.030896
0.41994 0.034457
0.4414 0.032285
0.42604 0.034209
0.38492 0.03813
0.45377 0.020378
0.44947 0.021495
0.53177 0.020083
0.53914 0.020202
0.41577 0.025816
0.51472 0.022493
0.4199 0.02585
0.50837 0.023671
0.41985 0.025889
0.41935 0.026719
0.46941 0.024776
0.51536 0.025551
0.455 0.028129
0.48112 0.025484
0.50668 0.024639
0.53687 0.021687
0.44546 0.034909
0.49556 0.026449
0.52305 0.024908
0.52091 0.026379
0.45892 0.035226
0.48176 0.031262
0.53255 0.022756
0.53477 0.023856
0.47532 0.032536
0.52767 0.025921
0.55503 0.021629
0.55813 0.026441
0.57038 0.021993
0.58425 0.028282
0.56036 0.029952
0.58883 0.029103
0.54687 0.035982
0.58255 0.030255
0.54796 0.024363
0.52679 0.036744
0.58219 0.030294
0.5706 0.034198
0.54755 0.026295
0.54405 0.021707
0.57043 0.035223
0.55804 0.038388
0.48674 0.03986
0.47481 0.038996
0.56117 0.039681
0.45956 0.038259
0.5424 0.022235
0.48994 0.039393
0.44417 0.037631
0.44137 0.037174
0.5457 0.025614
0.6007 0.021794
0.59524 0.030621
0.61398 0.03022
0.63139 0.039839
0.60174 0.035125
0.62991 0.039416
0.58799 0.030553
0.60032 0.036062
0.66451 0.037592
0.59642 0.034289
0.59849 0.036269
0.69202 0.039597
0.79241 0.038547
0.56817 0.039931
0.57698 0.04035
0.6705 0.037496
0.60297 0.039847
0.51043 0.037738
0.46932 0.03921
0.60843 0.039712
0.61294 0.022429
0.63356 0.036563
0.62675 0.026905
0.70703 0.038052
0.67104 0.03607
0.90365 0.037112
0.6862 0.038865
0.77415 0.038207
0.77485 0.038082
0.67028 0.037538
0.63439 0.039736
0.64514 0.038633
0.81282 0.038455
0.65657 0.037168
0.94711 0.038285
0.93348 0.036998
0.94886 0.038371
0.67614 0.033821
0.89609 0.038285
0.70554 0.037336
0.95851 0.039499
0.95344 0.03949
0.95877 0.039511
0.64228 0.035991
0.95986 0.039531
0.69617 0.035177
0.79103 0.038166
0.96004 0.039532
0.68224 0.03217
0.82727 0.036079
0.70563 0.035447
0.95841 0.039402
0.95784 0.039333
0.63914 0.027472
0.8221 0.035782
0.7267 0.036315
0.95506 0.038631
0.95571 0.039157
0.95498 0.038662
0.64278 0.023371
0.95356 0.038218
0.70722 0.032513
0.94693 0.035911
0.95198 0.037668
0.94762 0.036009
0.66265 0.025399
0.75904 0.037704
0.70029 0.030548
0.90252 0.036664
0.9317 0.036242
0.68994 0.02726
0.74013 0.036369
0.68049 0.023843
0.76709 0.038387
0.89157 0.038053
0.87878 0.038781
0.69157 0.024292
0.85894 0.036558
0.73962 0.035196
0.7884 0.03666
0.70783 0.024643
0.78912 0.036736
0.74887 0.035582
0.8216 0.033497
0.81788 0.034372
0.72128 0.025153
0.82741 0.034023
0.72706 0.025472
0.8463 0.035839
0.82673 0.033876
0.84803 0.03559
0.73671 0.027653
0.86153 0.036339
0.74852 0.029659
0.87436 0.039156
0.8728 0.039241
0.74572 0.024147
0.88062 0.037799
0.75709 0.025177
0.79761 0.03806
0.87796 0.038075
0.88793 0.034752
0.76759 0.026304
0.89361 0.032559
0.77476 0.025887
0.80512 0.035093
0.8957 0.032829
0.90436 0.034018
0.77812 0.024272
0.90903 0.033348
0.78926 0.024363
0.91658 0.031996
0.90955 0.03312
0.92256 0.031013
0.7973 0.021981
0.9269 0.031554
0.81741 0.025849
0.93403 0.031195
0.93583 0.031189
0.82227 0.022657
0.89628 0.026645
0.82808 0.022682
0.95195 0.033371
0.94796 0.03142
0.95521 0.034158
0.83803 0.021497
0.96217 0.036418
0.86668 0.024051
0.96347 0.03576
0.96228 0.036414
0.87825 0.021775
0.92467 0.025534
0.90855 0.024156
0.93014 0.025352
0.96575 0.034711
0.96726 0.034901
0.91425 0.022365
0.97236 0.035054
0.94127 0.023467
0.97314 0.034942
0.97237 0.035053
0.97298 0.034961
0.96207 0.023551
0.97633 0.034875
0.97227 0.023233
0.97466 0.027768
0.97548 0.034871
0.97784 0.034719
