73
0.035 0.042103
0.05877 0.039753
0.077846 0.039691
0.10635 0.039675
0.14007 0.039673
0.16088 0.039672
0.17693 0.039672
0.19019 0.039672
0.20809 0.039672
0.2221 0.039672
0.24159 0.039672
0.25509 0.039672
0.26906 0.039672
0.2966 0.039672
0.30289 0.039672
0.32827 0.039672
0.34577 0.039672
0.35604 0.03967
0.37521 0.039663
0.39271 0.03959
0.41454 0.039247
0.42048 0.039104
0.45853 0.038009
0.4643 0.06734
0.46258 0.067626
0.47288 0.037712
0.48914 0.037543
0.49834 0.067675
0.47399 0.068003
0.47991 0.068115
0.48804 0.069509
0.4896 0.06781
0.46396 0.067027
0.47163 0.067417
0.49543 0.066946
0.49219 0.067303
0.50327 0.037499
0.51843 0.037543
0.50732 0.067454
0.51457 0.069195
0.50169 0.067604
0.52768 0.067774
0.53575 0.068256
0.50648 0.066861
0.5123 0.06703
0.53568 0.067206
0.52585 0.067706
0.50191 0.066978
0.54804 0.038086
0.55359 0.038252
0.53739 0.067704
0.53132 0.067842
0.58804 0.039266
0.61107 0.039614
0.62902 0.039668
0.63775 0.03967
0.65167 0.039672
0.6738 0.039672
0.68787 0.039672
0.71322 0.039672
0.7299 0.039672
0.75581 0.039672
0.78036 0.039672
0.79306 0.039672
0.80333 0.039672
0.83075 0.039673
0.84306 0.039673
0.85597 0.039675
0.88041 0.039691
0.90428 0.039775
0.92352 0.040828
0.94752 0.047178
0.95546 0.049614
