340
0.025616 0.020366
0.045323 0.022887
0.087362 0.02098
0.036292 0.026347
0.045104 0.026654
0.1092 0.020381
0.099252 0.024048
0.12629 0.023163
0.06987 0.028849
0.054686 0.027274
0.063236 0.027916
0.1573 0.02245
0.073612 0.029859
0.17168 0.022971
0.078385 0.033482
0.076556 0.031775
0.078581 0.033626
0.18041 0.022967
0.093336 0.032696
0.18402 0.025472
0.11492 0.031725
0.12542 0.030093
0.18763 0.027778
0.14769 0.032319
0.19749 0.028553
0.14974 0.033543
0.14757 0.032272
0.14914 0.033057
0.19451 0.032312
0.14993 0.033893
0.20973 0.026547
0.15197 0.035245
0.1499 0.03387
0.15216 0.035757
0.20484 0.03313
0.18991 0.037626
0.22494 0.022201
0.15478 0.037201
0.15536 0.036725
0.15574 0.036943
0.22844 0.031159
0.20025 0.038003
0.24371 0.02144
0.21336 0.036204
0.15633 0.037443
0.24814 0.027197
0.20539 0.038802
0.25703 0.028663
0.22496 0.037605
0.25726 0.033158
0.24144 0.036897
0.268 0.022205
0.17065 0.040179
0.13041 0.036026
0.18661 0.039855
0.27153 0.023108
0.21906 0.037733
0.26996 0.032665
0.24591 0.038302
0.21228 0.038471
0.23996 0.039921
0.28424 0.022182
0.24927 0.037525
0.27789 0.033143
0.25143 0.037563
0.25041 0.037478
0.30056 0.026033
0.25627 0.038152
0.28861 0.030541
0.2741 0.038383
0.25632 0.038156
0.25109 0.037614
0.31965 0.026673
0.2758 0.038093
0.32208 0.027531
0.27608 0.038754
0.12519 0.037365
0.3325 0.025709
0.10525 0.037866
0.33622 0.026562
0.29585 0.033907
0.10862 0.037646
0.099158 0.037739
0.32913 0.032423
0.070654 0.034312
0.34262 0.030762
0.30491 0.036386
0.076205 0.038222
0.054926 0.031702
0.34497 0.032653
0.041568 0.031498
0.35298 0.02588
0.041302 0.033613
0.039086 0.03269
0.34905 0.036543
0.04499 0.034367
0.35064 0.036814
0.15002 0.037889
0.048441 0.034857
0.3545 0.033054
0.075439 0.038317
0.36493 0.027194
0.068966 0.035538
0.048712 0.03503
0.35609 0.034492
0.04693 0.034993
0.37181 0.027219
0.046839 0.035002
0.046839 0.034987
0.046588 0.034974
0.36631 0.032274
0.0694 0.036273
0.28971 0.039257
0.051017 0.035407
0.047248 0.035039
0.37826 0.035966
0.21933 0.038153
0.38464 0.035916
0.072835 0.037683
0.12033 0.037556
0.2288 0.038962
0.38589 0.025529
0.32478 0.038108
0.39918 0.022697
0.39204 0.029503
0.32169 0.038518
0.39255 0.038324
0.34623 0.038584
0.39768 0.039166
0.30338 0.038052
0.12601 0.037644
0.39938 0.039102
0.41293 0.02858
0.40132 0.039081
0.37334 0.0343
0.42865 0.033244
0.41443 0.031966
0.406 0.034888
0.42502 0.033496
0.41181 0.035227
0.37125 0.038372
0.4363 0.020409
0.43229 0.021625
0.52978 0.020067
0.53904 0.020162
0.4011 0.025832
0.50764 0.021845
0.40542 0.026028
0.499 0.022665
0.40537 0.026066
0.40484 0.026899
0.45092 0.024732
0.50852 0.024123
0.43744 0.028803
0.46368 0.02479
0.49666 0.023375
0.53618 0.021354
0.42871 0.036238
0.48137 0.024868
0.51884 0.023776
0.51606 0.024861
0.44086 0.036274
0.46411 0.029796
0.53076 0.022202
0.53355 0.023087
0.4568 0.031758
0.52464 0.02465
0.5586 0.021335
0.56244 0.025304
0.57708 0.021757
0.59142 0.028689
0.56515 0.028224
0.5957 0.02954
0.54861 0.03295
0.58985 0.030545
0.54991 0.023539
0.52313 0.033084
0.58951 0.03054
0.57766 0.032567
0.54941 0.025105
0.5451 0.021379
0.57755 0.033449
0.56261 0.035136
0.46726 0.036876
0.45526 0.038064
0.56656 0.03628
0.44133 0.039439
0.54307 0.021803
0.47128 0.035962
0.42763 0.039236
0.42518 0.038859
0.54713 0.024544
0.60743 0.021732
0.6016 0.030666
0.62168 0.029626
0.63997 0.038933
0.60814 0.034508
0.63839 0.038498
0.59489 0.031111
0.6065 0.03557
0.67426 0.037025
0.60239 0.034244
0.60445 0.035983
0.70409 0.037568
0.79652 0.040426
0.5752 0.037117
0.58537 0.039638
0.68044 0.036675
0.60911 0.038882
0.50014 0.032802
0.44968 0.039222
0.6152 0.03846
0.62057 0.022285
0.64229 0.035844
0.63512 0.02656
0.72167 0.036876
0.681 0.035296
0.90392 0.037672
0.69754 0.037126
0.78172 0.039432
0.78237 0.039395
0.68022 0.036724
0.64316 0.038898
0.65428 0.038054
0.81706 0.038755
0.66606 0.036666
0.94543 0.038112
0.93213 0.037987
0.94723 0.03804
0.6864 0.032984
0.89654 0.038595
0.7198 0.035914
0.95715 0.038688
0.95194 0.038856
0.95742 0.038691
0.65133 0.035447
0.95854 0.038672
0.70876 0.033508
0.79544 0.040179
0.95873 0.038666
0.69302 0.031237
0.83117 0.037202
0.71967 0.034189
0.95705 0.038599
0.95646 0.038552
0.64809 0.027193
0.82628 0.0366
0.73956 0.039186
0.95361 0.037971
0.95427 0.038456
0.95352 0.038003
0.65186 0.023259
0.95207 0.037621
0.72114 0.031711
0.94524 0.035776
0.95043 0.03714
0.94596 0.035818
0.67232 0.025238
0.7656 0.039305
0.71311 0.029322
0.90284 0.037171
0.93047 0.037333
0.70135 0.026537
0.75024 0.039347
0.69108 0.023569
0.77425 0.038889
0.89204 0.038189
0.8793 0.038824
0.70315 0.023855
0.85954 0.037814
0.74986 0.03796
0.79344 0.038841
0.72153 0.024377
0.79402 0.038828
0.75732 0.038312
0.82587 0.034173
0.82234 0.034889
0.73456 0.02582
0.83134 0.035006
0.73947 0.026441
0.84854 0.038061
0.8307 0.034833
0.85005 0.037881
0.74761 0.029048
0.86207 0.037273
0.75752 0.031384
0.87489 0.039188
0.87333 0.039269
0.75523 0.024944
0.88114 0.037843
0.76471 0.025734
0.80107 0.039149
0.87849 0.038114
0.88842 0.034803
0.77498 0.02647
0.89407 0.032706
0.78204 0.026318
0.80931 0.035098
0.89616 0.033036
0.9046 0.034498
0.78509 0.02469
0.90906 0.033937
0.79473 0.024894
0.91628 0.032647
0.90956 0.033713
0.92195 0.031693
0.80187 0.022099
0.926 0.032329
0.82206 0.026051
0.93265 0.031815
0.93433 0.031709
0.82661 0.022798
0.89673 0.02676
0.83205 0.022874
0.9504 0.032972
0.9463 0.031265
0.95376 0.033653
0.84132 0.021659
0.96098 0.035628
0.86721 0.024134
0.96237 0.034964
0.9611 0.03562
0.87877 0.021779
0.92391 0.02589
0.9086 0.024334
0.92902 0.025733
0.9648 0.033909
0.96641 0.034048
0.91406 0.022487
0.97185 0.03411
0.93943 0.023535
0.97268 0.034005
0.97186 0.034109
0.97252 0.034023
0.96087 0.023381
0.97608 0.033942
0.97176 0.02303
0.97431 0.027281
0.97518 0.033938
0.97769 0.033796
