340
0.02102 0.022012
0.027184 0.034383
0.035566 0.022698
0.0316 0.042062
0.037995 0.042061
0.042814 0.021014
0.045462 0.031414
0.052945 0.02806
0.058028 0.042003
0.044982 0.04206
0.052176 0.042045
0.064604 0.023557
0.062304 0.041972
0.076083 0.022547
0.073033 0.041899
0.068935 0.041924
0.073425 0.041897
0.089626 0.021973
0.085189 0.041825
0.095694 0.023683
0.093346 0.041754
0.09799 0.041681
0.10542 0.025167
0.1104 0.041488
0.11917 0.025174
0.1198 0.041319
0.11015 0.041492
0.11565 0.041394
0.12984 0.02722
0.12438 0.041236
0.14014 0.024296
0.13552 0.040919
0.1241 0.041242
0.14004 0.040729
0.14893 0.027887
0.15291 0.030606
0.15783 0.021651
0.16352 0.040205
0.15231 0.040219
0.15865 0.040186
0.16991 0.027452
0.16884 0.03264
0.18288 0.021395
0.18222 0.036519
0.17037 0.040246
0.18701 0.027939
0.18764 0.042232
0.19596 0.027838
0.19344 0.042048
0.20397 0.030895
0.199 0.040137
0.20985 0.021591
0.20403 0.046545
0.19529 0.052263
0.21014 0.044841
0.21569 0.022035
0.21746 0.043329
0.22611 0.027091
0.231 0.041439
0.21542 0.043743
0.22697 0.041671
0.23534 0.021615
0.23884 0.041181
0.2511 0.02689
0.24632 0.040943
0.24321 0.041041
0.26065 0.024512
0.26045 0.040989
0.27388 0.028241
0.27569 0.033939
0.26112 0.040994
0.2689 0.041057
0.28559 0.024307
0.28117 0.033535
0.29239 0.024576
0.29195 0.034464
0.2962 0.041698
0.30364 0.022838
0.30553 0.04172
0.31166 0.023049
0.31031 0.03131
0.30371 0.041715
0.31046 0.04175
0.3194 0.026074
0.32501 0.041997
0.33394 0.024136
0.33333 0.031301
0.32015 0.041914
0.33689 0.042143
0.34114 0.024399
0.34673 0.042239
0.35416 0.022145
0.35619 0.042357
0.35192 0.042298
0.36143 0.025264
0.36301 0.042451
0.37423 0.025277
0.37711 0.033254
0.37198 0.042584
0.38073 0.024038
0.3864 0.034527
0.39406 0.022354
0.3919 0.034543
0.38319 0.042786
0.40068 0.024382
0.40473 0.043259
0.40929 0.02188
0.41619 0.043654
0.40562 0.043281
0.41018 0.043406
0.42061 0.023802
0.41981 0.033041
0.43181 0.029214
0.43064 0.044293
0.41944 0.043789
0.44122 0.025033
0.44399 0.035981
0.45276 0.025846
0.44768 0.045262
0.45004 0.045206
0.45531 0.081581
0.45714 0.022559
0.45559 0.044944
0.47127 0.027325
0.46823 0.033082
0.4554 0.044953
0.46672 0.043702
0.45898 0.067238
0.46598 0.06803
0.45739 0.068128
0.45479 0.073126
0.46578 0.070018
0.47388 0.079735
0.46315 0.085728
0.45783 0.092833
0.47457 0.089618
0.4717 0.09173
0.46375 0.10467
0.46946 0.11137
0.46802 0.10991
0.47808 0.11798
0.48207 0.022547
0.48147 0.030081
0.49348 0.023148
0.49512 0.030053
0.47196 0.041593
0.48909 0.037469
0.47173 0.063918
0.48567 0.056783
0.47169 0.063941
0.47077 0.066985
0.48235 0.061488
0.48852 0.062639
0.47991 0.071684
0.48326 0.08007
0.4855 0.069965
0.49622 0.083651
0.47839 0.089961
0.48398 0.09662
0.49092 0.08788
0.49082 0.096131
0.48445 0.10864
0.48212 0.12004
0.4959 0.10775
0.49817 0.12388
0.48173 0.11987
0.49233 0.12324
0.50403 0.022952
0.50671 0.030835
0.51288 0.023547
0.51952 0.037603
0.50739 0.03682
0.52324 0.038012
0.50455 0.055722
0.51943 0.058708
0.49892 0.055638
0.50187 0.068391
0.51885 0.058532
0.51507 0.067761
0.50131 0.073481
0.50047 0.083134
0.51938 0.075246
0.51539 0.078967
0.50675 0.087182
0.50859 0.097573
0.52065 0.088202
0.51225 0.09838
0.50148 0.11061
0.50989 0.12298
0.51191 0.108
0.52139 0.1187
0.50669 0.12352
0.53201 0.021604
0.52817 0.038592
0.54207 0.02853
0.54444 0.042048
0.5354 0.039668
0.5435 0.041735
0.52633 0.060621
0.53925 0.065371
0.54774 0.070707
0.53407 0.074877
0.53405 0.08032
0.54857 0.07178
0.54956 0.076505
0.52363 0.089286
0.52917 0.1004
0.54661 0.087925
0.53431 0.095235
0.52296 0.10411
0.52413 0.11717
0.53634 0.10674
0.54876 0.021685
0.54947 0.031705
0.56361 0.022222
0.56244 0.034528
0.55203 0.045121
0.562 0.045511
0.54841 0.071561
0.54959 0.075595
0.54941 0.077611
0.54659 0.087977
0.5435 0.095513
0.57144 0.02384
0.56692 0.036025
0.58049 0.024989
0.5787 0.044573
0.56863 0.045121
0.58055 0.044474
0.58842 0.026371
0.58887 0.034806
0.59789 0.028441
0.59555 0.043791
0.58521 0.044232
0.5968 0.04375
0.60612 0.022448
0.6045 0.0435
0.61708 0.02723
0.61768 0.031956
0.60948 0.043341
0.62611 0.026233
0.62331 0.034314
0.63261 0.027783
0.63393 0.042908
0.6368 0.042879
0.64558 0.021517
0.64779 0.035099
0.65533 0.029077
0.65218 0.042732
0.64379 0.042808
0.65177 0.042734
0.66626 0.021113
0.66129 0.042681
0.67804 0.028889
0.67316 0.042623
0.66541 0.042658
0.67251 0.042625
0.68204 0.02431
0.68403 0.032981
0.69202 0.027927
0.698 0.042559
0.68227 0.042595
0.70634 0.025594
0.70288 0.031095
0.7132 0.023529
0.71725 0.03382
0.70297 0.042551
0.71118 0.042538
0.72643 0.023457
0.72619 0.042525
0.73534 0.028527
0.73668 0.034606
0.74591 0.023928
0.74452 0.034843
0.75829 0.028343
0.75753 0.04251
0.75479 0.04251
0.76178 0.023941
0.76271 0.042508
0.77119 0.023651
0.77279 0.042506
0.76208 0.042508
0.77383 0.042506
0.78595 0.024732
0.78235 0.042505
0.79653 0.026258
0.79365 0.042503
0.79186 0.042503
0.80127 0.0229
0.80886 0.042502
0.81646 0.023993
0.81336 0.031372
0.80526 0.042502
0.81646 0.042502
0.82811 0.025606
0.82279 0.042501
0.83733 0.024913
0.8344 0.031808
0.82457 0.042501
0.83408 0.042501
0.84152 0.023469
0.84622 0.042501
0.85269 0.023805
0.85418 0.042501
0.8472 0.042501
0.85863 0.0425
0.86324 0.02152
0.86202 0.0425
0.87457 0.027708
0.8711 0.0425
0.87308 0.0425
0.88848 0.023613
0.88765 0.032878
0.89301 0.023433
0.89106 0.0425
0.8874 0.0425
0.89333 0.0425
0.90186 0.021845
0.90279 0.0425
0.91587 0.026384
0.91291 0.0425
0.90345 0.0425
0.92862 0.023036
0.92745 0.03173
0.93811 0.027515
0.93343 0.031749
0.92735 0.0425
0.93234 0.0425
0.94842 0.024713
0.94829 0.0425
0.95453 0.028231
0.95184 0.0425
0.94832 0.0425
0.9511 0.0425
0.96856 0.026249
0.96538 0.0425
0.97513 0.025128
0.97391 0.032478
0.96194 0.0425
0.97163 0.0425
