142
1 0.040473
1 0.041223
1 0.041665
0.89212 0.040432
0.96675 0.11021
1 0.041501
1 0.040367
0.96458 0.1181
1 0.041423
1 0.041359
1 0.040748
1 0.04063
1 0.040337
1 0.040582
1 0.041426
1 0.041702
1 0.040251
1 0.040663
1 0.041004
1 0.041647
1 0.040679
0.87039 0.043422
0.9089 0.041851
0.86722 0.046133
0.84578 0.040818
0.93415 0.04092
1 0.040978
0.90557 0.041112
0.93346 0.041903
1 0.040381
1 0.041449
0.97124 0.047103
1 0.042482
1 0.041158
1 0.040539
1 0.040875
1 0.04176
1 0.040074
1 0.041289
1 0.040739
1 0.040349
1 0.041496
1 0.040507
1 0.040956
1 0.040004
0.70396 0.040153
0.63135 0.041743
0.66157 0.040957
0.80587 0.041321
0.61134 0.040675
0.75295 0.041762
0.84217 0.040551
0.89235 0.041751
0.86713 0.040308
0.88445 0.040147
0.94232 0.040805
1 0.041218
0.93587 0.040945
1 0.040825
1 0.041644
1 0.041369
1 0.041358
1 0.044595
1 0.04136
1 0.041132
1 0.044996
1 0.043782
1 0.041179
1 0.041602
1 0.043427
1 0.042473
0.69815 0.041564
0.6997 0.0409
0.71432 0.040534
0.62831 0.040673
0.56569 0.041962
0.77991 0.04076
0.86876 0.040378
0.6031 0.041201
0.65608 0.040463
0.91605 0.040739
1 0.042996
0.75891 0.040239
0.84883 0.042649
1 0.043116
1 0.043904
0.84562 0.040821
1 0.0485
1 0.042037
1 0.052913
1 0.049138
1 0.057792
1 0.052221
1 0.04298
1 0.057358
1 0.042387
1 0.040704
1 0.049398
0.54492 0.041232
0.59667 0.040426
0.64401 0.040925
0.77846 0.043318
0.57133 0.04013
0.649 0.042169
0.76957 0.067057
0.7614 0.040688
0.68638 0.041514
0.69419 0.042503
0.76064 0.04016
0.79687 0.040976
0.84498 0.040726
0.85372 0.040066
0.82563 0.04166
0.8356 0.040833
0.96498 0.040812
1 0.043763
0.86204 0.042613
0.87729 0.040765
1 0.049631
1 0.047461
0.89252 0.040806
1 0.067531
0.78818 0.042691
0.7161 0.043306
0.76231 0.041188
0.74154 0.049336
0.63945 0.041906
0.77065 0.041179
0.78676 0.040315
0.64072 0.04204
0.66353 0.041622
0.82166 0.041911
0.81015 0.040383
0.6976 0.041881
0.71504 0.040645
0.8147 0.040586
0.80373 0.042561
0.74114 0.046624
0.88129 0.040035
0.64432 0.041975
0.63296 0.04174
0.72256 0.040931
