73
0.035 0.16234
0.05877 0.15015
0.077846 0.28305
0.10635 0.17083
0.14007 0.20075
0.16088 0.17113
0.17693 0.28446
0.19019 0.17512
0.20809 0.12785
0.2221 0.17546
0.24159 0.16564
0.25509 0.22242
0.26906 0.20058
0.2966 0.15673
0.30289 0.1783
0.32827 0.15093
0.34577 0.15178
0.35604 0.37135
0.37521 0.17231
0.39271 0.1123
0.41454 0.22496
0.42048 0.17508
0.45853 0.17229
0.4643 0.15188
0.46258 0.20627
0.47288 0.43118
0.48914 0.17013
0.49834 0.13775
0.47399 0.17132
0.47991 0.32398
0.48804 0.17569
0.4896 0.25418
0.46396 0.31674
0.47163 0.15072
0.49543 0.15695
0.49219 0.15136
0.50327 0.23727
0.51843 0.2185
0.50732 0.27027
0.51457 0.17496
0.50169 0.19586
0.52768 0.1484
0.53575 0.34917
0.50648 0.17464
0.5123 0.156
0.53568 0.19495
0.52585 0.18857
0.50191 0.17375
0.54804 0.24242
0.55359 0.23333
0.53739 0.16334
0.53132 0.17376
0.58804 0.1621
0.61107 0.22575
0.62902 0.1705
0.63775 0.15042
0.65167 0.18447
0.6738 0.18746
0.68787 0.15697
0.71322 0.17585
0.7299 0.14138
0.75581 0.20145
0.78036 0.15666
0.79306 0.39877
0.80333 0.17294
0.83075 0.12322
0.84306 0.15369
0.85597 0.17766
0.88041 0.2142
0.90428 0.16873
0.92352 0.18887
0.94752 0.15616
0.95546 0.14957
