679
0.89268 0.070791
0.89195 0.073154
0.89556 0.065627
0.89372 0.058412
0.90426 0.059573
0.89775 0.06514
0.90129 0.064471
0.8999 0.064398
0.89115 0.069671
0.90492 0.052641
0.88843 0.072207
0.87601 0.056497
0.86647 0.056935
0.87224 0.067738
0.86675 0.061477
0.86307 0.061604
0.85954 0.062551
0.89162 0.079664
0.85168 0.071507
0.84489 0.072567
0.89112 0.072619
0.89446 0.053837
0.84964 0.078329
0.85105 0.075619
0.89384 0.058133
0.89359 0.069252
0.85126 0.077
0.86639 0.062996
0.86592 0.066143
0.86567 0.066441
0.89426 0.19942
0.91633 0.057487
0.89892 0.054069
0.88501 0.19047
0.88386 0.17125
0.8937 0.056439
0.89049 0.06542
0.88464 0.10046
0.88511 0.093108
0.88644 0.061165
0.88451 0.065157
0.8651 0.13745
0.87335 0.085178
0.86402 0.06492
0.8523 0.052476
0.8659 0.083747
0.87443 0.078929
0.82538 0.079288
0.81945 0.061214
0.86828 0.083028
0.86017 0.079169
0.82463 0.044517
0.82782 0.042235
0.84742 0.064824
0.84431 0.067611
0.85219 0.046312
0.87403 0.052845
0.85391 0.063149
0.84769 0.067978
0.88318 0.046543
0.88093 0.075899
0.84139 0.068689
0.83928 0.077627
0.87269 0.070961
0.87978 0.063788
0.84552 0.069329
0.88166 0.062963
0.83443 0.079043
0.91404 0.056474
0.90628 0.16444
0.90202 0.19039
0.89835 0.059451
0.89291 0.062378
0.89408 0.065532
0.8913 0.070675
0.87979 0.06613
0.86995 0.063185
0.88723 0.069488
0.88186 0.075364
0.85922 0.065032
0.86564 0.069507
0.87261 0.068149
0.85691 0.066411
0.85787 0.068984
0.82747 0.075638
0.8558 0.067648
0.84722 0.070273
0.82326 0.067598
0.7943 0.052892
0.847 0.064096
0.8477 0.082404
0.81274 0.061888
0.81498 0.062331
0.84761 0.066902
0.84991 0.067783
0.78443 0.072402
0.83097 0.059863
0.85564 0.075345
0.84266 0.079582
0.83592 0.060811
0.82728 0.048245
0.85539 0.063317
0.85232 0.068915
0.8309 0.055748
0.84184 0.07714
0.84762 0.077832
0.84674 0.080573
0.8522 0.04699
0.85768 0.05479
0.85577 0.06985
0.86153 0.059449
0.86974 0.055603
0.87007 0.054589
0.86948 0.062777
0.88546 0.22609
0.91649 0.059717
0.90184 0.25805
0.89523 0.24233
0.89387 0.057276
0.88559 0.19735
0.89413 0.19818
0.89265 0.17108
0.86529 0.063982
0.85741 0.074748
0.89054 0.14087
0.88918 0.13223
0.88106 0.13665
0.85413 0.062467
0.88619 0.07962
0.88183 0.097047
0.82463 0.081381
0.86972 0.10368
0.87282 0.081914
0.86418 0.061335
0.74608 0.10478
0.75645 0.069681
0.87287 0.077217
0.85084 0.068272
0.86021 0.08832
0.76443 0.091157
0.85109 0.067613
0.84654 0.064887
0.76077 0.1445
0.78065 0.096699
0.84934 0.070373
0.84754 0.068064
0.79889 0.098662
0.81023 0.064304
0.8442 0.066466
0.84211 0.06642
0.826 0.093818
0.83882 0.078026
0.84062 0.072825
0.845 0.070397
0.85901 0.058313
0.87032 0.049931
0.83961 0.071178
0.84995 0.066017
0.88265 0.05174
0.8768 0.082806
0.83996 0.068062
0.83659 0.068147
0.87693 0.080173
0.88042 0.080509
0.83388 0.071951
0.83791 0.066941
0.839 0.06649
0.89184 0.15851
0.88369 0.13711
0.83558 0.075165
0.85123 0.099061
0.87434 0.079399
0.88227 0.08257
0.82694 0.077009
0.83695 0.095115
0.86579 0.067053
0.8822 0.077517
0.81893 0.058156
0.8209 0.057328
0.87092 0.074078
0.8773 0.075007
0.82368 0.055785
0.81402 0.047848
0.85397 0.076477
0.82142 0.09448
0.77443 0.061401
0.7786 0.055784
0.81855 0.05343
0.85169 0.081729
0.72719 0.092386
0.76577 0.048528
0.81975 0.057646
0.83548 0.068312
0.73233 0.11218
0.7376 0.10262
0.8234 0.069215
0.82539 0.05737
0.74547 0.087103
0.73046 0.13017
0.81575 0.061468
0.82783 0.080239
0.73358 0.13767
0.75205 0.10012
0.83133 0.068136
0.81478 0.052661
0.75976 0.11697
0.79673 0.059357
0.82486 0.076295
0.82957 0.079239
0.7786 0.10779
0.79722 0.090364
0.82528 0.070382
0.82541 0.085786
0.81566 0.075381
0.80671 0.11745
0.83719 0.071669
0.84022 0.081511
0.82305 0.079675
0.84967 0.050599
0.86045 0.064064
0.83837 0.068952
0.84373 0.13566
0.81272 0.15079
0.87675 0.16903
0.87959 0.13726
0.84602 0.13799
0.86019 0.12293
0.87891 0.10511
0.89335 0.14244
0.85179 0.098627
0.83861 0.10198
0.80103 0.069734
0.88513 0.077836
0.85899 0.085835
0.83154 0.080473
0.87514 0.084002
0.872 0.082975
0.84212 0.08511
0.78385 0.049951
0.86902 0.079465
0.86963 0.078986
0.78688 0.048905
0.81932 0.077782
0.85019 0.082539
0.83404 0.067464
0.82759 0.076921
0.76965 0.054864
0.83767 0.066783
0.83872 0.066899
0.82504 0.056341
0.76149 0.047133
0.83903 0.076849
0.85251 0.084789
0.80247 0.066036
0.80906 0.063346
0.84113 0.074032
0.85298 0.078595
0.79773 0.080687
0.77426 0.046339
0.74725 0.1664
0.84386 0.067595
0.80401 0.060105
0.79274 0.060908
0.84897 0.066647
0.83985 0.066531
0.7762 0.07908
0.7791 0.076175
0.8037 0.13702
0.81006 0.13376
0.80308 0.050389
0.81491 0.067835
0.83409 0.062428
0.83313 0.050398
0.80846 0.068425
0.8242 0.059266
0.83375 0.055729
0.83721 0.04635
0.83746 0.050503
0.82112 0.11129
0.80976 0.14634
0.81823 0.052168
0.81863 0.13602
0.79929 0.080558
0.78874 0.048425
0.81752 0.16817
0.76561 0.10089
0.79172 0.045067
0.79604 0.044402
0.76497 0.071047
0.90857 0.13551
0.75359 0.040693
0.78041 0.052843
0.90001 0.15375
0.89576 0.12652
0.88408 0.11737
0.87248 0.13779
0.88914 0.11361
0.87682 0.083429
0.74687 0.050674
0.71213 0.12543
0.88077 0.085574
0.87336 0.087104
0.71637 0.13741
0.72866 0.11764
0.87728 0.074866
0.86065 0.071659
0.74859 0.072656
0.73505 0.10383
0.86612 0.077386
0.85259 0.064157
0.7284 0.12038
0.71952 0.14883
0.85746 0.073942
0.85494 0.070681
0.74675 0.1012
0.84222 0.066931
0.84646 0.068634
0.84514 0.071355
0.73146 0.16021
0.72702 0.19524
0.85642 0.076581
0.85358 0.075298
0.75286 0.14974
0.75993 0.13131
0.84103 0.070983
0.8397 0.075217
0.7489 0.19
0.75589 0.18797
0.84714 0.067136
0.83371 0.077425
0.82704 0.059582
0.82741 0.12974
0.82735 0.075576
0.82221 0.063265
0.80365 0.051265
0.84755 0.084245
0.81908 0.051139
0.81149 0.048328
0.77776 0.061467
0.77529 0.062974
0.75699 0.11016
0.8135 0.23371
0.75686 0.18864
0.73827 0.16815
0.74567 0.24399
0.85595 0.079613
0.86703 0.081863
0.79962 0.071495
0.75735 0.070417
0.88656 0.076785
0.86276 0.070722
0.78523 0.077795
0.80314 0.071774
0.86364 0.067128
0.87797 0.07671
0.75868 0.042677
0.7921 0.050048
0.84112 0.084282
0.83128 0.10302
0.73603 0.052269
0.80889 0.059015
0.8493 0.068954
0.8166 0.088768
0.80839 0.051166
0.73423 0.054607
0.82453 0.084748
0.82234 0.080117
0.74448 0.051154
0.75775 0.042899
0.82476 0.056976
0.83736 0.071732
0.78052 0.064865
0.74907 0.081195
0.85211 0.075339
0.83809 0.071683
0.75014 0.085034
0.79018 0.075249
0.83625 0.075924
0.84375 0.066925
0.78024 0.061134
0.74752 0.10811
0.81232 0.082465
0.8283 0.063534
0.73938 0.14102
0.74706 0.14044
0.82573 0.0712
0.81423 0.081595
0.75859 0.14894
0.79135 0.074873
0.81316 0.06674
0.82714 0.085775
0.79111 0.17044
0.80903 0.11597
0.82311 0.087032
0.82406 0.074786
0.8272 0.11947
0.82369 0.07494
0.70725 0.069458
0.68325 0.054777
0.72715 0.17898
0.73252 0.05317
0.72202 0.093273
0.71723 0.22134
0.72262 0.054124
0.70139 0.058032
0.70082 0.1373
0.88672 0.085864
0.72084 0.049992
0.90723 0.1405
0.90519 0.12686
0.89513 0.074317
0.89609 0.086405
0.89467 0.073401
0.89599 0.074428
0.87314 0.073201
0.71432 0.078684
0.87884 0.069879
0.87346 0.064771
0.87963 0.070923
0.71006 0.095069
0.696 0.12815
0.86857 0.05488
0.85861 0.06454
0.87531 0.069323
0.8673 0.065773
0.85896 0.073556
0.86205 0.061978
0.85686 0.062897
0.71373 0.159
0.86856 0.073643
0.84903 0.076071
0.70856 0.17739
0.85459 0.068317
0.85897 0.066221
0.85472 0.077414
0.85257 0.076386
0.71833 0.17746
0.85831 0.067863
0.85458 0.068303
0.85215 0.06861
0.71465 0.2264
0.84948 0.078152
0.8471 0.082463
0.84864 0.065755
0.84131 0.066956
0.85048 0.064448
0.84456 0.06679
0.77937 0.21326
0.80446 0.21539
0.8389 0.062471
0.8318 0.082941
0.84547 0.16028
0.85 0.16623
0.83078 0.047966
0.60552 0.098332
0.59273 0.10162
0.72591 0.061236
0.72198 0.19299
0.62032 0.086276
0.77383 0.049843
0.83083 0.13615
0.86722 0.089942
0.70932 0.30392
0.80603 0.059464
0.84428 0.10706
0.8673 0.077139
0.80452 0.086004
0.78703 0.073204
0.86475 0.083089
0.86359 0.083366
0.73884 0.05086
0.71443 0.053134
0.8506 0.078014
0.85083 0.087037
0.77013 0.052745
0.76749 0.061301
0.82192 0.078481
0.81511 0.085226
0.73201 0.052127
0.73721 0.052417
0.82253 0.074533
0.81631 0.059734
0.74309 0.061986
0.7524 0.052454
0.82679 0.057536
0.84365 0.069426
0.73535 0.10286
0.75912 0.054584
0.82172 0.061876
0.83959 0.080276
0.73284 0.12328
0.73626 0.13326
0.83913 0.06661
0.82002 0.073351
0.77152 0.061451
0.7314 0.16928
0.84006 0.060223
0.82636 0.076853
0.75868 0.11101
0.7622 0.12475
0.78921 0.053515
0.81212 0.077084
0.74539 0.17994
0.73629 0.20168
0.79808 0.044073
0.81681 0.070728
0.76248 0.13447
0.76549 0.30342
0.81498 0.15052
0.80426 0.20155
0.62146 0.086781
0.75601 0.044893
0.64234 0.094082
0.65965 0.087927
0.76183 0.10876
0.72603 0.095767
0.72075 0.10181
0.70428 0.27382
0.71632 0.053549
0.85926 0.088882
0.77234 0.080772
0.79474 0.081472
0.86243 0.08378
0.83714 0.087212
0.79172 0.075389
0.82373 0.12402
0.8597 0.074008
0.84584 0.065082
0.76923 0.060749
0.82415 0.077833
0.85917 0.062121
0.83857 0.066837
0.81513 0.079591
0.7978 0.06278
0.84711 0.085002
0.71148 0.1489
0.78095 0.058861
0.78558 0.05554
0.83334 0.070635
0.85155 0.068299
0.80243 0.072595
0.78051 0.057553
0.85912 0.067193
0.85914 0.063367
0.78777 0.055792
0.77318 0.073408
0.84631 0.065813
0.84697 0.067565
0.78211 0.049633
0.78695 0.074431
0.82123 0.051669
0.7205 0.24641
0.75954 0.10646
0.78659 0.070391
0.82594 0.049129
0.71218 0.28415
0.78108 0.044713
0.73154 0.15198
0.82175 0.071146
0.74757 0.32802
0.68541 0.22852
0.71012 0.19144
0.66842 0.080207
0.68522 0.061954
0.73533 0.15405
0.72484 0.053633
0.75076 0.048105
0.69447 0.24711
0.75418 0.044871
0.7598 0.15265
0.69656 0.2518
0.75463 0.048214
0.75319 0.048683
0.69232 0.25733
0.71769 0.30323
0.7516 0.049178
0.75358 0.052777
0.71511 0.33844
0.70928 0.39543
0.75201 0.056207
0.75244 0.08207
0.7162 0.34961
0.70507 0.36504
0.75268 0.060614
0.75128 0.1109
0.70604 0.49698
0.75449 0.14456
0.75632 0.087553
0.76163 0.090473
0.70891 0.43889
0.75346 0.21811
0.75566 0.14431
0.75611 0.18424
0.70855 0.43919
0.73509 0.43448
0.75628 0.15214
0.75338 0.16972
0.75926 0.21574
0.7474 0.44145
0.74971 0.14968
0.73534 0.19136
0.78927 0.44098
0.79749 0.44684
0.72853 0.21769
0.76715 0.39202
0.75277 0.33599
0.75253 0.38022
0.74893 0.39149
0.74774 0.050328
0.76817 0.065633
0.75965 0.082474
0.70839 0.087747
0.70767 0.090105
0.7539 0.12479
0.75092 0.194
0.71516 0.12813
0.71645 0.15802
0.74992 0.2175
0.75147 0.21345
0.71599 0.18449
0.71152 0.19078
0.74918 0.26419
0.74456 0.25809
0.7016 0.20474
0.70158 0.21919
0.73183 0.26411
0.73415 0.34535
0.71458 0.26168
0.71802 0.29095
0.72402 0.35484
0.72578 0.40294
0.71493 0.32758
0.71133 0.33448
0.74295 0.41398
0.74463 0.38501
0.70967 0.34997
0.69754 0.33796
0.75616 0.38242
0.75052 0.35844
0.67262 0.32583
0.68957 0.34334
0.71713 0.33727
0.69461 0.31888
0.64658 0.30288
0.65455 0.31823
0.70843 0.31923
0.69218 0.31883
0.72421 0.079905
0.74492 0.059963
0.74329 0.060297
0.74628 0.058572
0.74151 0.061574
0.72053 0.1288
0.71087 0.1527
0.70221 0.087424
0.67284 0.10656
0.73125 0.12083
0.70183 0.20322
0.64695 0.11665
0.73596 0.1226
0.70754 0.20236
0.72782 0.16519
0.6101 0.14863
0.61973 0.15618
0.7145 0.26142
0.71323 0.27032
0.73151 0.16567
0.64211 0.17265
0.70453 0.28278
0.69157 0.25011
0.6604 0.18316
0.67668 0.19242
0.69824 0.20734
0.67792 0.26148
0.69458 0.20417
0.67193 0.26794
0.62628 0.1606
0.63465 0.1668
0.64965 0.17751
