73
0.035 0.91768
0.05877 0.93303
0.077846 0.17066
0.10635 0.19016
0.14007 0.18682
0.16088 0.19499
0.17693 0.1911
0.19019 0.1936
0.20809 0.19037
0.2221 0.18855
0.24159 0.19112
0.25509 0.19231
0.26906 0.19009
0.2966 0.18928
0.30289 0.18702
0.32827 0.18764
0.34577 0.18697
0.35604 0.18808
0.37521 0.19176
0.39271 0.19607
0.41454 0.19031
0.42048 0.18707
0.45853 0.18954
0.4643 0.30561
0.46258 0.1607
0.47288 0.18493
0.48914 0.18829
0.49834 0.16822
0.47399 0.22224
0.47991 0.13646
0.48804 0.14814
0.4896 0.21998
0.46396 0.16343
0.47163 0.14657
0.49543 0.20515
0.49219 0.30664
0.50327 0.19112
0.51843 0.19162
0.50732 0.42385
0.51457 0.16775
0.50169 0.2422
0.52768 0.24232
0.53575 0.22433
0.50648 0.18561
0.5123 0.24037
0.53568 0.1107
0.52585 0.22034
0.50191 0.17198
0.54804 0.19664
0.55359 0.19516
0.53739 0.33922
0.53132 0.17451
0.58804 0.18202
0.61107 0.19488
0.62902 0.19202
0.63775 0.1863
0.65167 0.18482
0.6738 0.19477
0.68787 0.19207
0.71322 0.18544
0.7299 0.18732
0.75581 0.19344
0.78036 0.19864
0.79306 0.1948
0.80333 0.18955
0.83075 0.18939
0.84306 0.19104
0.85597 0.19442
0.88041 0.24898
0.90428 0.9321
0.92352 0.9225
0.94752 0.93129
0.95546 0.93141
