679
0.65852 0.67467
0.65752 0.6892
0.65751 0.69321
0.66195 0.72702
0.67946 0.61567
0.66922 0.63509
0.67193 0.62919
0.67085 0.63144
0.66566 0.64414
0.66243 0.65452
0.66455 0.6474
0.67147 0.6564
0.66825 0.66879
0.66821 0.67778
0.67314 0.66898
0.67178 0.67476
0.66801 0.68943
0.65751 0.69293
0.67356 0.68936
0.67603 0.69712
0.65879 0.71082
0.65927 0.71405
0.67214 0.70948
0.67105 0.71519
0.66212 0.72766
0.6649 0.73699
0.67451 0.72356
0.67575 0.73396
0.67115 0.75253
0.67147 0.7532
0.69676 0.59346
0.6859 0.60631
0.68648 0.61937
0.69189 0.59884
0.69292 0.61935
0.68364 0.62676
0.68334 0.63492
0.69801 0.62925
0.69834 0.63421
0.68293 0.647
0.6869 0.65422
0.69203 0.64587
0.69834 0.65622
0.68669 0.66728
0.68682 0.67384
0.69501 0.66724
0.69567 0.67912
0.6867 0.6885
0.68826 0.69435
0.69397 0.68661
0.69625 0.69611
0.68535 0.70603
0.68865 0.7169
0.69837 0.70747
0.69515 0.71411
0.68721 0.72957
0.68631 0.74031
0.6911 0.72967
0.69722 0.73312
0.68751 0.74711
0.68609 0.75729
0.69619 0.7469
0.69621 0.75723
0.67905 0.76702
0.68582 0.77694
0.69855 0.76991
0.68769 0.77939
0.695 0.78801
0.71719 0.57571
0.70542 0.58508
0.70166 0.58854
0.71683 0.58851
0.71271 0.59782
0.70803 0.61061
0.70512 0.62011
0.71553 0.6075
0.71462 0.61936
0.70635 0.62331
0.70337 0.63889
0.71784 0.62617
0.71488 0.63328
0.70309 0.64978
0.70665 0.66042
0.71257 0.64496
0.714 0.65843
0.7053 0.66705
0.70698 0.67655
0.71458 0.66379
0.71611 0.67919
0.70303 0.68881
0.70777 0.69299
0.71345 0.68995
0.71314 0.69687
0.70357 0.70608
0.70102 0.71882
0.71812 0.70335
0.71164 0.71934
0.70415 0.7292
0.7074 0.73758
0.71172 0.73011
0.71762 0.74059
0.70801 0.74339
0.70204 0.7548
0.71804 0.74607
0.71577 0.75784
0.703 0.77019
0.70216 0.7776
0.71735 0.76836
0.71409 0.77327
0.70735 0.78419
0.70684 0.7995
0.71628 0.78894
0.71579 0.79667
0.71716 0.80762
0.72526 0.57035
0.72088 0.57316
0.73335 0.56572
0.7316 0.58023
0.72324 0.58748
0.72775 0.59364
0.73494 0.58542
0.73616 0.59723
0.72139 0.60786
0.72218 0.6158
0.73784 0.6043
0.73583 0.61275
0.7288 0.62625
0.72319 0.63378
0.73846 0.6231
0.73183 0.63738
0.72476 0.6428
0.72803 0.65627
0.73737 0.64351
0.73604 0.65861
0.72542 0.66591
0.72113 0.6787
0.73631 0.66623
0.73801 0.6805
0.72791 0.69051
0.72121 0.69929
0.73721 0.68497
0.73542 0.69959
0.72665 0.71006
0.72318 0.7174
0.73757 0.70654
0.73665 0.71446
0.72719 0.72844
0.7224 0.7336
0.73505 0.7281
0.73142 0.73706
0.72601 0.74801
0.72366 0.75855
0.734 0.74268
0.73647 0.75411
0.72454 0.77046
0.72717 0.77528
0.73192 0.76746
0.73681 0.77893
0.72569 0.78907
0.72179 0.80015
0.73794 0.79012
0.73459 0.80015
0.72355 0.81193
0.72671 0.81388
0.73455 0.8055
0.73808 0.82002
0.75817 0.55545
0.74405 0.56062
0.74383 0.57468
0.75663 0.56448
0.75334 0.57532
0.74823 0.59057
0.74363 0.59712
0.75819 0.58917
0.75431 0.59817
0.74539 0.6076
0.74107 0.61794
0.75865 0.60617
0.757 0.61467
0.74187 0.6266
0.74187 0.63622
0.75495 0.6228
0.75237 0.63871
0.74346 0.64286
0.74775 0.65458
0.75434 0.64439
0.75213 0.65979
0.74879 0.66322
0.74111 0.67556
0.75766 0.66676
0.75297 0.67734
0.74747 0.68874
0.74156 0.6934
0.7576 0.68981
0.75688 0.69491
0.74584 0.7043
0.74605 0.71517
0.75577 0.70557
0.75847 0.71546
0.74665 0.7277
0.74268 0.73327
0.75888 0.72545
0.75621 0.73273
0.74355 0.7498
0.74784 0.75293
0.75709 0.74556
0.75103 0.75557
0.74569 0.76941
0.7453 0.7802
0.75804 0.76365
0.75695 0.77706
0.74791 0.7849
0.74859 0.79368
0.75193 0.78678
0.75881 0.7932
0.74139 0.80755
0.7419 0.82179
0.75584 0.80561
0.75746 0.81897
0.75685 0.82749
0.76136 0.55451
0.77294 0.55177
0.77817 0.55086
0.76835 0.56745
0.76811 0.57811
0.77506 0.56961
0.77277 0.57603
0.76816 0.58436
0.76318 0.6004
0.77582 0.58967
0.77755 0.59329
0.76143 0.60678
0.76519 0.61684
0.7722 0.60296
0.77444 0.62058
0.76602 0.62289
0.76429 0.63541
0.77265 0.62793
0.77856 0.64063
0.7656 0.64782
0.76466 0.65308
0.77756 0.65033
0.77426 0.65284
0.76779 0.66414
0.76869 0.67446
0.77274 0.66769
0.77862 0.67941
0.76703 0.69027
0.76626 0.69723
0.77285 0.6861
0.77895 0.6994
0.7676 0.70972
0.76563 0.71531
0.77367 0.70904
0.77285 0.71784
0.76261 0.73062
0.7634 0.73456
0.77402 0.72291
0.77761 0.73906
0.76112 0.74521
0.76655 0.75357
0.77354 0.74753
0.77554 0.76055
0.7635 0.77012
0.76481 0.77373
0.77857 0.76843
0.77799 0.77736
0.76223 0.78952
0.76209 0.79627
0.77378 0.78385
0.77114 0.7937
0.76288 0.80844
0.76692 0.81429
0.77397 0.80293
0.77295 0.81499
0.76561 0.82996
0.77131 0.83126
0.77188 0.83137
0.78823 0.54966
0.78157 0.55937
0.7987 0.54918
0.79364 0.5581
0.78564 0.56376
0.78718 0.58028
0.79572 0.56546
0.79863 0.58058
0.78509 0.58717
0.78304 0.59732
0.79581 0.58269
0.79419 0.59563
0.78666 0.60693
0.7818 0.61694
0.7926 0.6083
0.79606 0.61274
0.78752 0.62791
0.78774 0.63843
0.79237 0.62404
0.79836 0.64061
0.78158 0.65004
0.78606 0.65625
0.79323 0.64587
0.79244 0.65506
0.78563 0.66876
0.78378 0.67863
0.79657 0.6673
0.79859 0.67925
0.78106 0.68376
0.78244 0.69276
0.79214 0.68696
0.79747 0.69303
0.78294 0.7091
0.78457 0.71689
0.79701 0.71035
0.797 0.7138
0.78115 0.72843
0.78889 0.73723
0.79892 0.72313
0.79476 0.73877
0.78458 0.74309
0.78762 0.75489
0.79565 0.74857
0.79404 0.75317
0.78291 0.76933
0.78147 0.77296
0.79382 0.76881
0.79478 0.77301
0.7853 0.78871
0.78562 0.7934
0.79319 0.78706
0.79849 0.79872
0.78858 0.81039
0.78686 0.8166
0.79288 0.80752
0.79116 0.8176
0.78783 0.83365
0.78296 0.83315
0.79597 0.83412
0.79148 0.83392
0.8071 0.54935
0.80742 0.54937
0.81248 0.55933
0.80219 0.56797
0.80622 0.57611
0.81819 0.56416
0.81169 0.57297
0.80596 0.58359
0.80637 0.60013
0.81389 0.58686
0.81861 0.59802
0.80237 0.60414
0.80438 0.62061
0.816 0.60303
0.81415 0.6187
0.80346 0.62762
0.80201 0.63967
0.81737 0.62916
0.81426 0.63397
0.80705 0.644
0.80848 0.65583
0.81883 0.64539
0.81175 0.65674
0.80179 0.6702
0.80853 0.67819
0.81149 0.66722
0.81821 0.6746
0.80727 0.68792
0.80699 0.69906
0.81704 0.69041
0.81572 0.69521
0.80893 0.70709
0.80437 0.71646
0.81305 0.705
0.81749 0.71887
0.80175 0.72688
0.80287 0.73816
0.81744 0.72514
0.812 0.73949
0.80287 0.74396
0.80304 0.75726
0.81331 0.74505
0.81762 0.75384
0.80802 0.76526
0.80514 0.77352
0.81855 0.76691
0.81748 0.77696
0.80457 0.7852
0.80737 0.79792
0.81709 0.78789
0.81216 0.7963
0.80862 0.80706
0.80142 0.81594
0.81782 0.80864
0.81364 0.81854
0.80404 0.83412
0.80765 0.83397
0.81646 0.83322
0.81116 0.83374
0.82365 0.55115
0.83739 0.55417
0.82636 0.56862
0.82128 0.57518
0.83361 0.56457
0.83346 0.57486
0.82318 0.58363
0.82553 0.59283
0.83442 0.58377
0.83691 0.59973
0.82161 0.60363
0.82376 0.61446
0.83171 0.60332
0.83588 0.61832
0.82751 0.62864
0.8287 0.63628
0.83425 0.62297
0.8386 0.63292
0.82142 0.64679
0.82714 0.65955
0.83622 0.64707
0.83135 0.65441
0.8216 0.66336
0.82334 0.67763
0.83312 0.66601
0.83764 0.67506
0.82836 0.68516
0.82447 0.69473
0.83894 0.68641
0.83181 0.69601
0.82581 0.70682
0.82251 0.71882
0.83154 0.70839
0.83848 0.7175
0.82351 0.72577
0.82612 0.73499
0.83188 0.72351
0.83245 0.73997
0.82673 0.7444
0.82218 0.75338
0.83515 0.74782
0.83192 0.76018
0.82762 0.76413
0.82343 0.77705
0.83357 0.76939
0.83143 0.7774
0.82427 0.78819
0.82813 0.79689
0.83427 0.78442
0.8321 0.79359
0.82193 0.8044
0.82324 0.81653
0.83403 0.80831
0.83374 0.81737
0.82424 0.8321
0.82577 0.83182
0.83477 0.82987
0.84817 0.55756
0.85278 0.55931
0.84743 0.56946
0.84167 0.57694
0.86045 0.56263
0.85571 0.57455
0.84552 0.58641
0.84169 0.5966
0.85197 0.58675
0.8554 0.59499
0.84746 0.60943
0.84121 0.61828
0.85322 0.60275
0.8526 0.6187
0.84199 0.63015
0.84167 0.63442
0.85605 0.62997
0.85833 0.63396
0.84155 0.64792
0.84254 0.65695
0.85276 0.64498
0.85246 0.66057
0.84742 0.66704
0.84621 0.67892
0.8559 0.66413
0.85579 0.6798
0.84687 0.68369
0.84761 0.69781
0.8558 0.6902
0.85481 0.69464
0.84653 0.70841
0.84137 0.71889
0.85747 0.70764
0.8542 0.71357
0.84627 0.73062
0.84139 0.73696
0.85805 0.72281
0.85759 0.73806
0.84264 0.74375
0.84532 0.75346
0.8524 0.74936
0.85796 0.7564
0.84188 0.76679
0.84272 0.77762
0.85366 0.76366
0.85287 0.78045
0.84811 0.79047
0.84365 0.79851
0.85602 0.78269
0.85594 0.7998
0.84556 0.80958
0.84195 0.81877
0.85115 0.80765
0.86176 0.82009
0.84692 0.82623
0.85181 0.82442
0.86418 0.56444
0.86585 0.57823
0.87533 0.57071
0.88027 0.57393
0.86619 0.587
0.86657 0.5987
0.87622 0.58441
0.87407 0.59382
0.86169 0.60809
0.86644 0.61593
0.87718 0.60424
0.87531 0.62063
0.86561 0.62914
0.86871 0.63775
0.87588 0.62623
0.87162 0.634
0.86466 0.64353
0.86503 0.65588
0.87859 0.64642
0.87168 0.65397
0.86254 0.66717
0.86596 0.67526
0.87204 0.6637
0.87339 0.67943
0.86658 0.6829
0.86122 0.69883
0.87557 0.68958
0.87493 0.69378
0.86866 0.7042
0.86435 0.71516
0.87228 0.70938
0.87642 0.71543
0.86265 0.72659
0.86437 0.73761
0.8754 0.7257
0.87814 0.74007
0.86511 0.74463
0.86382 0.75718
0.87598 0.74381
0.87351 0.7606
0.86795 0.7678
0.86135 0.77277
0.87776 0.76738
0.87111 0.78056
0.86574 0.7847
0.86204 0.7981
0.87115 0.78622
0.87774 0.79317
0.86384 0.8048
0.86562 0.81816
0.87891 0.81033
0.87208 0.8146
0.8831 0.57591
0.88912 0.58048
0.88746 0.59551
0.89565 0.58605
0.90387 0.59412
0.88856 0.60981
0.88616 0.61959
0.89717 0.60899
0.89107 0.61951
0.88712 0.62272
0.88753 0.63841
0.89106 0.6237
0.89739 0.63347
0.88628 0.64639
0.88248 0.65482
0.89764 0.6435
0.89696 0.65653
0.88677 0.6627
0.88762 0.68028
0.89542 0.66812
0.89334 0.6751
0.88363 0.68686
0.88762 0.69767
0.89631 0.68772
0.89187 0.69772
0.8827 0.70998
0.88158 0.72062
0.8982 0.70903
0.89468 0.72061
0.88619 0.72611
0.88878 0.74046
0.89535 0.72473
0.89349 0.74061
0.88462 0.7462
0.88543 0.75653
0.8919 0.74669
0.89111 0.75487
0.88208 0.76547
0.88465 0.77905
0.89558 0.76908
0.89426 0.77331
0.88651 0.78637
0.89004 0.80212
0.89817 0.79497
0.89241 0.80015
0.88686 0.80464
0.90546 0.59583
0.90631 0.6101
0.90751 0.6141
0.91575 0.60856
0.91716 0.61056
0.90719 0.62554
0.90209 0.63382
0.91809 0.6268
0.91593 0.63498
0.90302 0.64588
0.9049 0.65529
0.91556 0.64735
0.91662 0.65334
0.90237 0.66553
0.90478 0.67764
0.91805 0.66553
0.9189 0.67955
0.90868 0.68711
0.9045 0.69903
0.91438 0.68998
0.91317 0.69712
0.90781 0.70712
0.90559 0.71798
0.91349 0.70562
0.91726 0.7193
0.90346 0.72904
0.90528 0.73522
0.91579 0.72598
0.91661 0.73523
0.90298 0.74733
0.90311 0.75955
0.91725 0.74692
0.91134 0.75316
0.90699 0.76494
0.90869 0.78383
0.91982 0.76881
0.91376 0.77749
0.90709 0.78569
0.90897 0.7835
0.92263 0.6191
0.92721 0.62764
0.92991 0.63382
0.92809 0.62953
0.93029 0.63478
0.92267 0.64338
0.92208 0.6536
0.93409 0.64702
0.9365 0.65988
0.92774 0.66542
0.92108 0.67961
0.93743 0.66811
0.93073 0.67876
0.92217 0.68596
0.92847 0.69752
0.93841 0.69094
0.93839 0.6971
0.92141 0.70941
0.92136 0.71331
0.93068 0.70733
0.93763 0.71463
0.92137 0.72415
0.92471 0.73671
0.93602 0.72786
0.93431 0.73612
0.9316 0.74522
0.92469 0.76064
0.93218 0.74353
0.92398 0.76191
0.93832 0.70112
0.93808 0.70763
0.93702 0.72086
