679
0.86773 0.04024
0.86291 0.041812
0.88527 0.040764
0.87161 0.041036
0.90356 0.042509
0.90709 0.044136
0.917 0.041495
0.91107 0.045949
0.89594 0.040463
0.89316 0.041827
0.89183 0.040454
0.8895 0.040447
0.88771 0.040566
0.87039 0.040059
0.86969 0.040584
0.86816 0.040694
0.86343 0.040167
0.86097 0.041887
0.84196 0.040783
0.82639 0.040852
0.85854 0.041518
0.88524 0.04138
0.83191 0.04074
0.83685 0.04122
0.87216 0.041204
0.86017 0.040997
0.82355 0.041213
0.86315 0.040475
0.85095 0.040902
0.84997 0.04081
0.92002 0.041438
0.90283 0.043425
0.89118 0.043331
0.90398 0.047103
0.91005 0.04171
0.88814 0.042054
0.87721 0.04133
0.89325 0.040984
0.89702 0.04138
0.87686 0.040247
0.86351 0.041208
0.85499 0.041672
0.86968 0.040898
0.83624 0.041443
0.84465 0.040296
0.85753 0.041788
0.88987 0.041839
0.77221 0.040221
0.781 0.041166
0.875 0.040394
0.84592 0.040729
0.82052 0.040682
0.80807 0.040748
0.85752 0.040675
0.85118 0.040701
0.85431 0.0407
0.86931 0.040658
0.80824 0.040602
0.84017 0.040733
0.89164 0.041256
0.84394 0.041153
0.84705 0.040832
0.83773 0.040629
0.84535 0.04108
0.85541 0.041273
0.8274 0.040345
0.85806 0.041821
0.82148 0.040776
0.90523 0.044418
0.94316 0.04358
0.93801 0.051484
0.89481 0.041785
0.89437 0.042939
0.90502 0.044282
0.89465 0.040529
0.88008 0.042151
0.86934 0.040658
0.88908 0.041769
0.88098 0.041557
0.85183 0.040891
0.85263 0.041418
0.87472 0.041824
0.85343 0.040899
0.84237 0.040781
0.82534 0.040898
0.85028 0.040928
0.83177 0.041089
0.81282 0.040325
0.77966 0.041924
0.85923 0.040158
0.8315 0.041522
0.80019 0.041758
0.80097 0.040842
0.84212 0.040684
0.84082 0.04042
0.75005 0.042061
0.81446 0.040078
0.83984 0.041142
0.81815 0.041245
0.8161 0.040812
0.81641 0.040386
0.85479 0.040777
0.8325 0.041194
0.80151 0.040619
0.78538 0.041082
0.82151 0.041196
0.81607 0.040917
0.85364 0.040956
0.84692 0.040311
0.83047 0.040398
0.86352 0.041484
0.85926 0.040866
0.86249 0.041196
0.84112 0.041965
0.89899 0.049957
0.91505 0.042815
0.93771 0.066221
0.94013 0.065697
0.88645 0.041231
0.90091 0.043054
0.92076 0.041753
0.92982 0.041522
0.85698 0.040851
0.83999 0.041278
0.9111 0.040904
0.91017 0.043004
0.89636 0.040955
0.84459 0.040939
0.89257 0.041133
0.89698 0.041524
0.78793 0.040875
0.87584 0.040698
0.86832 0.041076
0.88242 0.040886
0.70505 0.04148
0.72973 0.042291
0.88145 0.040486
0.84732 0.040879
0.85361 0.041246
0.72489 0.042022
0.84913 0.040594
0.85862 0.040764
0.67674 0.042531
0.73198 0.040681
0.83476 0.040493
0.83967 0.040444
0.73921 0.040051
0.75412 0.041497
0.84703 0.040193
0.84757 0.04024
0.76549 0.042063
0.83694 0.040641
0.84288 0.041089
0.82276 0.040886
0.81333 0.040914
0.8452 0.040219
0.81924 0.040794
0.84978 0.040859
0.86493 0.041005
0.83101 0.040668
0.82113 0.040307
0.81959 0.040317
0.83156 0.040548
0.83644 0.040609
0.818 0.040698
0.81071 0.04024
0.84866 0.040773
0.9158 0.04331
0.8971 0.043929
0.81764 0.04075
0.86152 0.041398
0.90116 0.041649
0.88653 0.041409
0.84175 0.040585
0.83073 0.042593
0.87137 0.040809
0.88492 0.041284
0.82386 0.040794
0.83293 0.040243
0.86801 0.041222
0.89304 0.040741
0.85307 0.040975
0.87484 0.04052
0.83348 0.040893
0.77418 0.040837
0.72782 0.04254
0.75082 0.043207
0.86039 0.041218
0.82962 0.040424
0.68351 0.04262
0.73814 0.040602
0.83318 0.040152
0.84891 0.040144
0.73215 0.04361
0.71154 0.04253
0.80466 0.040521
0.83659 0.040645
0.68496 0.040255
0.66384 0.043229
0.80098 0.04123
0.8238 0.041248
0.67847 0.041409
0.69905 0.040467
0.81855 0.040424
0.80328 0.040913
0.67446 0.040364
0.77257 0.04052
0.79533 0.040722
0.79132 0.040765
0.69418 0.043466
0.76198 0.042325
0.78602 0.04051
0.76132 0.041555
0.75808 0.040423
0.71777 0.040734
0.80451 0.04028
0.79104 0.040839
0.80331 0.040677
0.81947 0.040231
0.81616 0.040859
0.82383 0.040551
0.86036 0.043084
0.89098 0.059131
0.88912 0.044996
0.88978 0.041245
0.86232 0.040657
0.87545 0.041756
0.8832 0.040585
0.91736 0.041946
0.88824 0.043079
0.86244 0.041498
0.81143 0.041052
0.89301 0.041235
0.85043 0.040547
0.80898 0.041156
0.87404 0.041037
0.86748 0.040576
0.81985 0.041121
0.7979 0.040674
0.87349 0.041035
0.87431 0.040494
0.79833 0.040661
0.81757 0.041043
0.8288 0.04051
0.849 0.040315
0.83248 0.04138
0.74848 0.042455
0.84923 0.040512
0.84912 0.040475
0.85107 0.040256
0.74153 0.040998
0.80326 0.040539
0.85076 0.04212
0.81062 0.041006
0.80224 0.04044
0.8414 0.040858
0.83951 0.040871
0.79876 0.041519
0.76479 0.043866
0.66772 0.04354
0.83313 0.040408
0.79024 0.040913
0.76909 0.041156
0.84939 0.040765
0.82091 0.040509
0.69043 0.040058
0.69714 0.042346
0.74246 0.043717
0.75552 0.04375
0.78466 0.041784
0.78661 0.040346
0.81398 0.04079
0.83127 0.040343
0.76566 0.041173
0.78872 0.041472
0.81549 0.04017
0.83862 0.040393
0.82611 0.040569
0.82974 0.0411
0.8938 0.12449
0.77898 0.042444
0.74451 0.043653
0.81253 0.041903
0.80522 0.040765
0.73007 0.042518
0.70413 0.040848
0.83442 0.040827
0.85048 0.040048
0.72138 0.041894
0.93847 0.042561
0.79631 0.041614
0.77847 0.042257
0.9394 0.048269
0.92201 0.041
0.90318 0.043875
0.87205 0.041814
0.90893 0.040466
0.8772 0.041429
0.79779 0.041796
0.62084 0.042041
0.88939 0.040556
0.87221 0.040497
0.67364 0.042055
0.69192 0.041082
0.89147 0.040871
0.85276 0.040401
0.7291 0.041058
0.71569 0.042309
0.86174 0.041019
0.86043 0.040297
0.68157 0.043382
0.67458 0.043209
0.84004 0.041111
0.84082 0.040879
0.70149 0.041284
0.85093 0.04023
0.84753 0.041205
0.84487 0.041027
0.65355 0.042865
0.65829 0.043187
0.84619 0.040319
0.83728 0.040378
0.67523 0.042049
0.70529 0.043318
0.82839 0.040762
0.82523 0.040595
0.72394 0.041881
0.75552 0.041772
0.84456 0.04034
0.81243 0.041056
0.82034 0.04024
0.7817 0.040902
0.81903 0.040926
0.80672 0.041629
0.79718 0.041507
0.82849 0.040998
0.81424 0.0402
0.81295 0.040246
0.76939 0.041545
0.77152 0.041621
0.69094 0.040452
0.78968 0.041581
0.68967 0.042823
0.66166 0.040304
0.69005 0.040555
0.83782 0.040788
0.87555 0.04103
0.80843 0.040472
0.84915 0.05962
0.89278 0.040346
0.86595 0.04152
0.79231 0.041073
0.82199 0.041077
0.87227 0.040916
0.8983 0.042576
0.81537 0.043957
0.83369 0.040566
0.81804 0.040499
0.82568 0.044706
0.75253 0.040576
0.83684 0.04002
0.84656 0.040907
0.77675 0.040788
0.86035 0.04106
0.80068 0.043247
0.77793 0.040855
0.80723 0.041225
0.72158 0.042316
0.78803 0.040674
0.8443 0.04099
0.81638 0.040491
0.76139 0.04167
0.71935 0.042197
0.83281 0.040511
0.82688 0.040797
0.70366 0.040481
0.77491 0.042355
0.82444 0.041019
0.8301 0.040248
0.76484 0.041717
0.70222 0.040692
0.78744 0.041959
0.80871 0.041775
0.68268 0.04058
0.68335 0.040017
0.80309 0.040591
0.7652 0.042049
0.67502 0.043771
0.71253 0.042359
0.77076 0.04057
0.78039 0.041287
0.71041 0.042969
0.72652 0.040004
0.75954 0.041287
0.76377 0.041198
0.83107 0.04024
0.7473 0.040836
0.72481 0.040482
0.7048 0.042346
0.68624 0.041605
0.76665 0.041499
0.69519 0.041835
0.60554 0.041712
0.76326 0.045767
0.7183 0.043793
0.67753 0.043819
0.89711 0.041893
0.79723 0.061829
0.93818 0.045936
0.93226 0.044222
0.89728 0.040642
0.90349 0.040202
0.9009 0.041473
0.89796 0.040539
0.87286 0.041792
0.71504 0.041081
0.88112 0.042156
0.88225 0.041473
0.88038 0.041556
0.78173 0.044073
0.61334 0.044661
0.89634 0.04224
0.86172 0.040889
0.87799 0.042737
0.86941 0.041352
0.84269 0.041125
0.86999 0.040383
0.86936 0.040765
0.62217 0.040665
0.86227 0.040544
0.83878 0.041264
0.65542 0.04087
0.8516 0.040923
0.85449 0.040675
0.83941 0.041001
0.84069 0.041093
0.65506 0.043093
0.8444 0.041107
0.83993 0.040691
0.83768 0.040796
0.62078 0.045164
0.82408 0.041305
0.81603 0.040902
0.84421 0.040543
0.8251 0.040672
0.83849 0.040212
0.82776 0.040322
0.66687 0.041211
0.70439 0.041086
0.81988 0.040517
0.78697 0.041286
0.80223 0.041026
0.79265 0.040617
0.80398 0.040564
0.6264 0.042592
0.64764 0.043178
0.77554 0.043747
0.64888 0.043885
0.68345 0.053287
0.75126 0.041657
0.90169 0.058627
0.88309 0.040961
0.5588 0.04041
0.83582 0.040396
0.87478 0.041123
0.86364 0.041397
0.82861 0.041431
0.79152 0.040614
0.86512 0.040004
0.86089 0.04113
0.81541 0.04706
0.76081 0.044929
0.82945 0.040911
0.83748 0.040925
0.82378 0.04143
0.79043 0.04457
0.83703 0.041131
0.7976 0.041101
0.77181 0.042816
0.71373 0.042126
0.80904 0.040448
0.81384 0.040581
0.71728 0.04006
0.72054 0.042731
0.83877 0.040264
0.82697 0.040843
0.71402 0.042319
0.73025 0.040715
0.80611 0.041312
0.81933 0.041276
0.68398 0.04057
0.67473 0.043465
0.82148 0.041606
0.80062 0.040769
0.73465 0.041512
0.6602 0.040851
0.82788 0.040738
0.79588 0.041277
0.68874 0.041523
0.73244 0.041676
0.76823 0.040801
0.77331 0.04171
0.6586 0.043612
0.66387 0.04337
0.78879 0.041216
0.7674 0.04251
0.70769 0.042848
0.67828 0.041064
0.73477 0.040734
0.74193 0.040101
0.68131 0.047876
0.83519 0.040243
0.6449 0.040682
0.66966 0.040579
0.69013 0.041823
0.70449 0.04164
0.75849 0.043939
0.58274 0.041231
0.75679 0.045536
0.8544 0.040778
0.84955 0.052549
0.82187 0.041013
0.85769 0.041038
0.81385 0.040431
0.80841 0.040865
0.85086 0.049421
0.84914 0.040682
0.86018 0.040764
0.78266 0.04488
0.84785 0.040407
0.86779 0.040476
0.85097 0.040443
0.81323 0.040174
0.79953 0.042306
0.83819 0.040117
0.67489 0.044709
0.74956 0.040486
0.76337 0.041499
0.81609 0.040141
0.83557 0.040437
0.8097 0.040498
0.76561 0.040885
0.84556 0.04035
0.87104 0.040565
0.77202 0.040255
0.70508 0.040952
0.83018 0.04071
0.82854 0.040133
0.77492 0.041989
0.74683 0.041951
0.81541 0.04046
0.60245 0.044253
0.6958 0.041233
0.75407 0.042167
0.82805 0.040508
0.58162 0.041349
0.78686 0.041722
0.67899 0.041046
0.78548 0.040647
0.71068 0.04501
0.60665 0.04723
0.68914 0.046014
0.68068 0.041075
0.69084 0.043119
0.66182 0.042753
0.77468 0.044762
0.80002 0.040447
0.56982 0.040983
0.78948 0.04002
0.7131 0.041632
0.65427 0.045525
0.76128 0.042653
0.75785 0.040421
0.61466 0.042211
0.57907 0.04109
0.75439 0.041167
0.74578 0.041823
0.56154 0.04052
0.54323 0.04159
0.72869 0.04066
0.72371 0.04077
0.53617 0.040821
0.55796 0.041547
0.73933 0.041109
0.69597 0.040735
0.55528 0.041316
0.68149 0.04155
0.71695 0.040949
0.72773 0.042175
0.51945 0.04007
0.63753 0.041824
0.68181 0.041739
0.64472 0.040957
0.52084 0.040216
0.56877 0.041931
0.72318 0.040093
0.67307 0.043334
0.64672 0.042381
0.57031 0.042446
0.67793 0.041443
0.69293 0.041581
0.6523 0.041246
0.66308 0.040746
0.62138 0.041779
0.61207 0.045197
0.66947 0.042299
0.59985 0.04032
0.57569 0.040619
0.80553 0.041697
0.7318 0.042215
0.74318 0.040437
0.67543 0.040869
0.66963 0.043904
0.71139 0.043426
0.68886 0.043407
0.63744 0.044186
0.63463 0.041405
0.7002 0.042967
0.64257 0.042037
0.69599 0.04085
0.65379 0.040942
0.65478 0.042415
0.67884 0.043812
0.61912 0.04142
0.61276 0.04225
0.64371 0.040928
0.5763 0.041353
0.62794 0.042352
0.6328 0.046656
0.69858 0.044181
0.5578 0.040015
0.64109 0.044666
0.60288 0.042617
0.56163 0.040412
0.57386 0.040896
0.54641 0.041998
0.58509 0.041345
0.59377 0.040566
0.71122 0.044133
0.4929 0.041001
0.56782 0.043888
0.60665 0.040886
0.55679 0.040665
0.61462 0.043999
0.50649 0.040186
0.56067 0.040406
0.55581 0.041145
0.72488 0.040379
0.72582 0.04041
0.72093 0.040956
0.72695 0.04058
0.71569 0.042192
0.64523 0.040882
0.65071 0.045573
0.6735 0.043811
0.66973 0.040601
0.69947 0.043928
0.61719 0.042621
0.58036 0.042435
0.70068 0.040711
0.62741 0.04302
0.65937 0.043287
0.47994 0.040121
0.61174 0.040064
0.63707 0.04092
0.60259 0.042176
0.66279 0.042922
0.64438 0.042317
0.58372 0.04092
0.59863 0.042029
0.61688 0.041222
0.63415 0.048265
0.61446 0.04219
0.68244 0.040285
0.60021 0.041261
0.63878 0.044201
0.62693 0.044441
0.6408 0.044365
0.63146 0.044396
