340
0.056512 0.020015
0.26768 0.025403
0.28353 0.022456
0.26038 0.051667
0.18934 0.026342
0.28877 0.021364
0.21544 0.040148
0.23527 0.040259
0.11923 0.026635
0.16357 0.042917
0.15524 0.032973
0.27366 0.030524
0.10478 0.026812
0.29542 0.025592
0.087705 0.028045
0.086144 0.02824
0.088243 0.027971
0.31416 0.022848
0.075008 0.030056
0.28608 0.029381
0.067269 0.027958
0.051943 0.032855
0.26436 0.044273
0.047637 0.035487
0.27846 0.033725
0.047205 0.036096
0.047646 0.035461
0.047403 0.035902
0.26584 0.041274
0.04731 0.038569
0.33387 0.023961
0.056532 0.030654
0.047294 0.038366
0.064971 0.029357
0.30724 0.026793
0.27239 0.040685
0.35077 0.022309
0.14994 0.030481
0.12405 0.026643
0.13116 0.026589
0.3487 0.030507
0.30643 0.027696
0.36546 0.022533
0.2869 0.032974
0.15424 0.036759
0.34608 0.037552
0.10218 0.027199
0.35506 0.036984
0.15325 0.036068
0.36452 0.035652
0.26744 0.051299
0.38194 0.022212
0.062056 0.031916
0.14613 0.026979
0.25358 0.046275
0.38709 0.022636
0.3333 0.028297
0.38751 0.028828
0.37227 0.034642
0.3085 0.02841
0.37023 0.035057
0.40113 0.022275
0.34862 0.039225
0.41908 0.029947
0.27111 0.036641
0.32334 0.026634
0.42401 0.02823
0.030363 0.026243
0.42156 0.039019
0.4405 0.055055
0.028023 0.026528
0.044132 0.022753
0.42642 0.035887
0.43969 0.05514
0.4236 0.037185
0.3357 0.033909
0.23355 0.034174
0.43082 0.036983
0.23045 0.033672
0.429 0.039358
0.40197 0.032022
0.23267 0.033955
0.2212 0.03392
0.4527 0.060222
0.24971 0.03102
0.44142 0.053417
0.33456 0.035128
0.23283 0.033622
0.2617 0.038673
0.45912 0.061087
0.25741 0.027342
0.43773 0.045774
0.23523 0.02352
0.24502 0.024125
0.47328 0.03579
0.20771 0.021017
0.4696 0.040863
0.20998 0.036023
0.080511 0.020547
0.47642 0.046561
0.25451 0.027695
0.46414 0.054714
0.25067 0.025961
0.21152 0.029086
0.49648 0.033934
0.20903 0.026283
0.46345 0.055962
0.09225 0.021301
0.20912 0.026203
0.19771 0.020777
0.47904 0.048973
0.23177 0.024176
0.40177 0.0317
0.053878 0.022508
0.058197 0.022102
0.3121 0.033546
0.21942 0.032961
0.42295 0.047279
0.17881 0.028298
0.21766 0.022976
0.16872 0.034211
0.4468 0.05375
0.0481 0.023559
0.44725 0.038777
0.4657 0.038543
0.025978 0.026106
0.40005 0.035763
0.49688 0.034899
0.41396 0.038647
0.1547 0.023141
0.20916 0.022063
0.41726 0.040983
0.45465 0.029481
0.32217 0.034894
0.28913 0.038677
0.46544 0.030132
0.45519 0.032145
0.49171 0.02947
0.45892 0.036116
0.45501 0.03838
0.50659 0.04572
0.47028 0.020313
0.4656 0.021311
0.5367 0.020922
0.53833 0.02026
0.45935 0.048446
0.52521 0.021022
0.45837 0.045689
0.50713 0.023672
0.45853 0.045321
0.46116 0.040537
0.49263 0.024627
0.53043 0.024527
0.48602 0.025975
0.50724 0.031101
0.50992 0.024771
0.53935 0.024567
0.51351 0.039106
0.51186 0.029623
0.53672 0.037859
0.53811 0.039786
0.51466 0.029006
0.50472 0.042476
0.5427 0.040482
0.53795 0.022613
0.50323 0.045696
0.54064 0.040153
0.55109 0.023801
0.55149 0.028934
0.59441 0.020752
0.58747 0.044112
0.55568 0.024091
0.58057 0.036459
0.56186 0.040057
0.58495 0.040687
0.54343 0.028055
0.55886 0.053688
0.58477 0.040357
0.5865 0.025925
0.54445 0.028528
0.54543 0.038447
0.58293 0.02555
0.56678 0.020726
0.52808 0.043412
0.53358 0.043156
0.57132 0.02063
0.51856 0.044211
0.54921 0.044883
0.56046 0.044615
0.42158 0.045628
0.49268 0.049517
0.54897 0.042306
0.6152 0.023567
0.57257 0.030327
0.53747 0.045087
0.41994 0.043953
0.56439 0.055473
0.41213 0.037753
0.57624 0.031613
0.56819 0.032694
0.95058 0.032131
0.56755 0.028147
0.56704 0.027427
0.79554 0.025621
0.76709 0.044895
0.58404 0.023177
0.58294 0.024122
0.91448 0.033713
0.57306 0.024311
0.56309 0.036675
0.53187 0.043784
0.57196 0.023475
0.61561 0.025488
0.48643 0.048731
0.58013 0.032396
0.77733 0.031094
0.92767 0.025729
0.86172 0.022655
0.81199 0.030663
0.76512 0.043389
0.7657 0.043931
0.85458 0.029256
0.39334 0.035549
0.4816 0.050848
0.7621 0.036668
0.43928 0.059115
0.953 0.026455
0.95086 0.026884
0.95254 0.026539
0.41627 0.040896
0.77071 0.030233
0.58879 0.035712
0.93645 0.024545
0.95041 0.026839
0.93429 0.023674
0.58917 0.043398
0.86887 0.022652
0.57511 0.034374
0.88991 0.031607
0.81423 0.027999
0.61911 0.036977
0.75693 0.030873
0.66547 0.040746
0.78278 0.021413
0.81373 0.024866
0.6224 0.029311
0.81203 0.03151
0.59175 0.037189
0.82863 0.022975
0.82227 0.027032
0.82863 0.022999
0.63346 0.027676
0.81968 0.025321
0.60048 0.036174
0.75969 0.030304
0.79368 0.020658
0.76046 0.029909
0.61392 0.030909
0.68148 0.040107
0.62599 0.037207
0.86216 0.032805
0.77365 0.033011
0.63361 0.041065
0.64035 0.038982
0.63844 0.035182
0.69297 0.041198
0.86418 0.033798
0.87714 0.031351
0.64606 0.031065
0.92382 0.026021
0.67306 0.037376
0.70312 0.041049
0.65757 0.029567
0.70964 0.041525
0.68134 0.035322
0.96708 0.034514
0.96756 0.034581
0.66329 0.028225
0.96106 0.035403
0.66642 0.027259
0.9546 0.038442
0.96251 0.035028
0.9541 0.038742
0.67957 0.029004
0.94357 0.039004
0.69131 0.033572
0.92649 0.0297
0.92878 0.03035
0.68306 0.025911
0.92214 0.029357
0.69155 0.028915
0.7378 0.051063
0.92203 0.030265
0.93509 0.033599
0.70606 0.033205
0.93742 0.035059
0.70918 0.033367
0.75254 0.04274
0.93793 0.035387
0.95062 0.039789
0.70464 0.029265
0.95068 0.03925
0.71212 0.033111
0.9493 0.038949
0.95062 0.039214
0.94481 0.03848
0.70817 0.024984
0.93489 0.032565
0.74934 0.050131
0.91867 0.031031
0.92096 0.032592
0.72036 0.034533
0.77952 0.036325
0.72063 0.033721
0.88099 0.039222
0.87508 0.038583
0.88844 0.039242
0.71942 0.02693
0.90038 0.03813
0.73672 0.044956
0.87979 0.036174
0.90046 0.038058
0.72676 0.030612
0.75628 0.043188
0.74332 0.044733
0.7497 0.037253
0.81643 0.042046
0.80692 0.03941
0.73368 0.033476
0.77737 0.050637
0.73811 0.034454
0.76825 0.049698
0.7773 0.050661
0.7701 0.050416
0.75646 0.021492
0.76173 0.02486
0.89322 0.020121
0.86523 0.020254
0.75197 0.025423
0.85817 0.020436
