340
0.025226 0.020393
0.044293 0.022571
0.1023 0.020675
0.035091 0.026432
0.043869 0.025955
0.1339 0.020251
0.11974 0.022796
0.16291 0.022304
0.076111 0.026401
0.055472 0.025598
0.067065 0.025702
0.19362 0.022901
0.082104 0.02698
0.20478 0.023212
0.09152 0.028771
0.087861 0.027962
0.091883 0.02883
0.21383 0.023021
0.11373 0.028219
0.21737 0.025935
0.1446 0.027144
0.16348 0.02721
0.2209 0.028616
0.18732 0.033822
0.22845 0.028935
0.18979 0.035707
0.18721 0.033762
0.18904 0.035025
0.22602 0.032747
0.19011 0.036154
0.24253 0.02607
0.19222 0.037683
0.19007 0.036122
0.19255 0.03823
0.23661 0.031798
0.22301 0.038538
0.25779 0.022122
0.19488 0.040653
0.19496 0.039666
0.19527 0.040273
0.26095 0.030344
0.22887 0.038677
0.27701 0.021582
0.24271 0.035588
0.19585 0.041862
0.28094 0.028762
0.23478 0.038514
0.2881 0.030349
0.25661 0.037577
0.28822 0.035648
0.27596 0.037118
0.29731 0.022627
0.20488 0.044459
0.18076 0.036323
0.22118 0.043227
0.30023 0.023562
0.24886 0.038172
0.29853 0.034742
0.27951 0.0409
0.24015 0.038991
0.2753 0.040072
0.31117 0.022417
0.28291 0.041488
0.30455 0.035159
0.28466 0.041698
0.28392 0.041627
0.32659 0.026704
0.28764 0.04204
0.3147 0.031411
0.30016 0.041672
0.28767 0.042049
0.28444 0.041935
0.34212 0.027203
0.30138 0.041373
0.34429 0.02814
0.30131 0.043004
0.1757 0.034589
0.35508 0.02585
0.13488 0.031887
0.35818 0.026706
0.32123 0.035182
0.13995 0.031912
0.125 0.031938
0.35137 0.032937
0.07972 0.029898
0.36343 0.031667
0.32859 0.038921
0.093972 0.032541
0.05565 0.029031
0.36534 0.033471
0.040174 0.030887
0.37358 0.026532
0.040227 0.033374
0.038035 0.032559
0.36799 0.037169
0.044434 0.033789
0.36898 0.037555
0.1929 0.045237
0.048012 0.033999
0.37312 0.034423
0.093762 0.033315
0.38364 0.027909
0.077882 0.030999
0.048273 0.034343
0.37361 0.036212
0.04654 0.034756
0.39005 0.027338
0.04645 0.034807
0.046448 0.034765
0.046202 0.0348
0.38234 0.033473
0.079167 0.031728
0.31329 0.041395
0.050368 0.034664
0.046871 0.034797
0.39346 0.034358
0.24917 0.039969
0.4004 0.034351
0.088284 0.033277
0.16514 0.032968
0.26133 0.040021
0.40498 0.025281
0.3442 0.040196
0.41866 0.022586
0.41196 0.029236
0.34158 0.040594
0.4076 0.038289
0.36458 0.040071
0.41259 0.038745
0.32714 0.041365
0.18185 0.041309
0.4139 0.038345
0.43219 0.029765
0.41524 0.038454
0.38795 0.034354
0.44403 0.035006
0.43259 0.03363
0.42386 0.035234
0.44088 0.03564
0.43008 0.03633
0.37995 0.041059
0.45208 0.020465
0.44848 0.021845
0.51853 0.0201
0.52472 0.020241
0.42079 0.025794
0.50343 0.022968
0.42603 0.026427
0.49812 0.024535
0.42597 0.026466
0.42534 0.027329
0.46524 0.025513
0.50403 0.026591
0.45312 0.030008
0.47551 0.026076
0.49687 0.025828
0.52291 0.02201
0.44271 0.038055
0.48859 0.027895
0.51104 0.025557
0.50916 0.02728
0.45411 0.037912
0.47583 0.032455
0.51921 0.023293
0.52117 0.024599
0.47021 0.034278
0.51499 0.026897
0.53778 0.021903
0.54074 0.027371
0.55187 0.022128
0.56479 0.029759
0.54287 0.031198
0.56853 0.030782
0.53086 0.03944
0.56327 0.031805
0.53199 0.025279
0.51294 0.039574
0.56293 0.031798
0.55248 0.035106
0.53165 0.027624
0.52877 0.022051
0.55244 0.036167
0.54068 0.04097
0.4778 0.041665
0.46713 0.041307
0.54375 0.041778
0.45311 0.041069
0.52741 0.022675
0.48157 0.041686
0.44057 0.041662
0.43855 0.041966
0.53013 0.026781
0.57871 0.021885
0.57346 0.032184
0.59239 0.030771
0.60654 0.039331
0.58092 0.035098
0.60538 0.039275
0.56792 0.032559
0.57981 0.036354
0.64682 0.03934
0.57525 0.03583
0.57796 0.037152
0.67211 0.044135
0.7525 0.045634
0.55055 0.04091
0.56031 0.04169
0.65193 0.038789
0.58363 0.039269
0.49683 0.042512
0.46094 0.04157
0.5889 0.039283
0.59136 0.022546
0.60936 0.034566
0.60343 0.026999
0.68296 0.043942
0.65216 0.037226
0.8452 0.029827
0.66682 0.041538
0.74097 0.041443
0.74144 0.041493
0.65171 0.038847
0.61008 0.037636
0.62932 0.036773
0.76743 0.04306
0.64083 0.037882
0.92977 0.030933
0.90103 0.031691
0.93442 0.03088
0.65638 0.034578
0.82016 0.034074
0.68164 0.042511
0.9535 0.034259
0.94375 0.03209
0.95405 0.034401
0.62349 0.033098
0.95574 0.034854
0.67461 0.03967
0.7517 0.044982
0.95603 0.034928
0.66128 0.033271
0.77672 0.0414
0.6813 0.040037
0.95327 0.034025
0.95202 0.033675
0.6183 0.025845
0.77346 0.040461
0.6981 0.043633
0.94691 0.031717
0.94797 0.032577
0.94675 0.031713
0.6232 0.022804
0.94435 0.030773
0.68179 0.03656
0.9315 0.029001
0.94172 0.030073
0.93311 0.029018
0.64244 0.025818
0.71908 0.042028
0.67668 0.033893
0.84924 0.028663
0.90126 0.030567
0.6681 0.02829
0.70574 0.044412
0.65918 0.02407
0.73095 0.03833
0.81468 0.035876
0.8062 0.04076
0.66941 0.025007
0.7961 0.043348
0.70544 0.041927
0.74947 0.042942
0.68153 0.026255
0.7499 0.042813
0.71111 0.042706
0.7728 0.037526
0.77024 0.037786
0.69179 0.026923
0.77649 0.038067
0.69643 0.027564
0.79008 0.04138
0.77604 0.037968
0.79111 0.041453
0.70297 0.030695
0.79722 0.041577
0.71054 0.033904
0.80409 0.039307
0.80316 0.040009
0.7094 0.02607
0.81113 0.035228
0.71714 0.026717
0.75488 0.041974
0.80806 0.036666
0.82514 0.028998
0.72648 0.026476
0.83954 0.027271
0.73452 0.0263
0.75955 0.03685
0.84335 0.027102
0.85875 0.027324
0.73791 0.024846
0.86958 0.027269
0.74572 0.025814
0.88387 0.026883
0.87098 0.027191
0.89413 0.02711
0.75164 0.022489
0.9013 0.027261
0.76915 0.027399
0.91192 0.027074
0.91449 0.02697
0.77254 0.023533
0.84931 0.023796
0.77651 0.023493
0.94321 0.027554
0.93651 0.026362
0.94839 0.028732
0.78489 0.021941
0.9594 0.032158
0.8061 0.024185
0.96105 0.032017
0.95954 0.032185
0.82113 0.021245
0.8992 0.023707
0.87235 0.022376
0.9073 0.02356
0.96373 0.031797
0.96544 0.032339
0.88229 0.021386
0.97125 0.033355
0.92345 0.022064
0.97215 0.033255
0.97126 0.033354
0.97197 0.033272
0.95972 0.022647
0.9758 0.033196
0.97129 0.022868
0.97398 0.026892
0.97483 0.033192
0.97753 0.033057
