679
0.88413 0.042215
0.88244 0.046582
0.89286 0.077866
0.88789 0.055375
0.90886 0.054783
0.9058 0.05792
0.91043 0.065213
0.90848 0.060979
0.89699 0.055261
0.9038 0.046422
0.89329 0.056521
0.87677 0.045963
0.86665 0.044167
0.87093 0.05642
0.86168 0.045478
0.85784 0.045805
0.85451 0.048034
0.8817 0.049896
0.83813 0.044627
0.82813 0.048319
0.88049 0.050843
0.89323 0.061119
0.83348 0.044776
0.83598 0.044638
0.88818 0.055544
0.88325 0.050966
0.83436 0.049842
0.86612 0.072724
0.85821 0.053388
0.85717 0.051934
0.90012 0.22251
0.9189 0.045537
0.89747 0.043357
0.88921 0.20933
0.88882 0.19424
0.89158 0.042134
0.88479 0.044086
0.88804 0.088681
0.88955 0.083665
0.88127 0.04313
0.87697 0.051467
0.86186 0.12915
0.87274 0.072492
0.85289 0.057157
0.85041 0.070589
0.86281 0.066794
0.88058 0.077428
0.79976 0.067275
0.79737 0.060253
0.87125 0.081953
0.85571 0.068858
0.82119 0.068564
0.81946 0.070299
0.83987 0.046011
0.83493 0.045435
0.85128 0.065605
0.87203 0.060828
0.83673 0.060633
0.83814 0.050374
0.88595 0.062584
0.86806 0.057989
0.82973 0.04451
0.823 0.042747
0.86086 0.051414
0.87133 0.057824
0.83316 0.053321
0.87378 0.058124
0.81511 0.049578
0.91756 0.047001
0.91436 0.18063
0.90962 0.21154
0.90078 0.052087
0.89666 0.051981
0.90221 0.058245
0.89671 0.054331
0.8812 0.061273
0.86717 0.051146
0.89071 0.053223
0.8832 0.057995
0.85038 0.04805
0.86031 0.060277
0.8709 0.048304
0.8502 0.049532
0.84966 0.05497
0.8069 0.047914
0.84848 0.049902
0.83687 0.054045
0.81117 0.058356
0.78518 0.066364
0.83957 0.045819
0.84371 0.099133
0.80122 0.061418
0.8022 0.060419
0.8377 0.049168
0.84034 0.050496
0.75241 0.066396
0.82575 0.07019
0.85193 0.082009
0.8238 0.050468
0.82883 0.067001
0.821 0.065197
0.85614 0.073844
0.84279 0.057091
0.81689 0.061183
0.82026 0.06607
0.83049 0.050387
0.82896 0.051849
0.85113 0.065303
0.85397 0.065617
0.84229 0.052146
0.8633 0.083452
0.86551 0.060574
0.86694 0.061272
0.85879 0.057983
0.88956 0.25062
0.92222 0.062484
0.91015 0.3098
0.90283 0.28655
0.89105 0.041027
0.88974 0.21638
0.89999 0.22061
0.89918 0.19686
0.85775 0.048621
0.843 0.044373
0.89525 0.14419
0.89386 0.1309
0.88475 0.13805
0.85093 0.065838
0.89104 0.064628
0.88667 0.091844
0.79961 0.061375
0.87179 0.10494
0.87152 0.065986
0.86514 0.047065
0.70614 0.069642
0.72046 0.067952
0.87663 0.073193
0.84228 0.048494
0.85915 0.08826
0.73528 0.063065
0.84287 0.048212
0.839 0.045563
0.71982 0.074227
0.74889 0.064163
0.83989 0.054245
0.838 0.050616
0.76913 0.066578
0.78258 0.067382
0.83443 0.046998
0.83271 0.04695
0.80326 0.064906
0.83143 0.065187
0.82657 0.043165
0.83348 0.057554
0.84316 0.063017
0.86097 0.061267
0.82616 0.055747
0.85133 0.081033
0.87663 0.059689
0.86256 0.072019
0.82611 0.054036
0.82267 0.054399
0.86254 0.069195
0.8665 0.069541
0.81627 0.051895
0.82284 0.057711
0.8274 0.044546
0.89644 0.17212
0.88633 0.13734
0.82366 0.058193
0.85416 0.12467
0.88339 0.083889
0.88546 0.067633
0.8317 0.11244
0.83466 0.12724
0.86347 0.047457
0.88513 0.061538
0.81976 0.06845
0.82514 0.071363
0.86822 0.052916
0.88379 0.072687
0.83444 0.078812
0.83149 0.066605
0.84572 0.059953
0.80845 0.098269
0.76095 0.089354
0.772 0.087026
0.83271 0.073584
0.8459 0.082115
0.70484 0.071143
0.75833 0.083334
0.82453 0.071842
0.82348 0.043501
0.71642 0.068977
0.70249 0.066852
0.81395 0.065617
0.83034 0.078616
0.72333 0.072161
0.69498 0.067455
0.80607 0.06346
0.80672 0.048706
0.69197 0.068226
0.71583 0.067647
0.81638 0.053678
0.80774 0.064108
0.71979 0.081919
0.77421 0.060677
0.80203 0.058503
0.80702 0.061266
0.74326 0.074129
0.77429 0.061018
0.80298 0.061136
0.8008 0.074966
0.78908 0.070829
0.77632 0.083375
0.81839 0.057035
0.81962 0.064267
0.81189 0.067602
0.8381 0.063969
0.84468 0.061477
0.82322 0.051176
0.84801 0.15424
0.82687 0.22619
0.87886 0.18441
0.88187 0.1375
0.85009 0.15533
0.86409 0.13756
0.88059 0.093693
0.89887 0.14668
0.86154 0.13297
0.84524 0.14479
0.77891 0.050873
0.89048 0.063556
0.8572 0.082486
0.81977 0.063811
0.87549 0.070859
0.87074 0.067668
0.8361 0.085305
0.79092 0.081988
0.8712 0.075135
0.87189 0.074553
0.79301 0.077832
0.81926 0.10283
0.84466 0.083436
0.82317 0.044515
0.82931 0.10898
0.75426 0.069165
0.82725 0.045089
0.82821 0.045083
0.83478 0.079841
0.7504 0.069839
0.82809 0.07408
0.85264 0.10953
0.7853 0.053657
0.7955 0.058845
0.82654 0.043096
0.85017 0.090071
0.77137 0.056138
0.75969 0.062643
0.70734 0.066536
0.84184 0.078625
0.78676 0.058824
0.76875 0.061239
0.85059 0.083025
0.82993 0.059801
0.74139 0.08194
0.74504 0.079679
0.77518 0.064861
0.78384 0.061749
0.79059 0.06237
0.79268 0.059523
0.82486 0.063206
0.83333 0.074869
0.78254 0.064969
0.80621 0.061062
0.82705 0.067083
0.83604 0.06752
0.83148 0.064249
0.80587 0.050847
0.8268 0.24374
0.80043 0.062648
0.79074 0.069665
0.80367 0.10822
0.7956 0.074502
0.78841 0.074593
0.72938 0.068769
0.80567 0.074049
0.81265 0.070546
0.72879 0.070635
0.91816 0.13495
0.76609 0.078812
0.78273 0.086152
0.90818 0.16854
0.90239 0.12142
0.88893 0.11048
0.87175 0.13374
0.89456 0.10428
0.87783 0.069978
0.75553 0.064622
0.67728 0.072747
0.88504 0.075304
0.87373 0.075573
0.67081 0.068933
0.70694 0.069795
0.88338 0.071327
0.85527 0.054832
0.7142 0.070053
0.70045 0.066755
0.86483 0.068163
0.84663 0.047028
0.70474 0.069884
0.68976 0.065257
0.85125 0.063877
0.84723 0.055841
0.71096 0.067761
0.83299 0.045717
0.8354 0.045176
0.83269 0.044129
0.6942 0.063775
0.6858 0.055562
0.85453 0.085734
0.84964 0.079244
0.71176 0.076801
0.72832 0.06271
0.82651 0.049575
0.82275 0.048752
0.71331 0.048728
0.72189 0.046955
0.84781 0.08087
0.81407 0.053495
0.82553 0.072729
0.80627 0.059819
0.80817 0.051359
0.81069 0.060635
0.79909 0.066009
0.83686 0.063448
0.81603 0.066963
0.81104 0.068521
0.75303 0.060555
0.74976 0.060186
0.71759 0.076448
0.78266 0.040623
0.71832 0.057944
0.69476 0.072615
0.70112 0.043823
0.8512 0.078755
0.87052 0.077705
0.80431 0.091186
0.77644 0.16918
0.89187 0.060778
0.85944 0.048181
0.78904 0.098235
0.80978 0.099744
0.86175 0.046926
0.88603 0.075723
0.77438 0.10509
0.80603 0.073704
0.83478 0.082109
0.82954 0.13859
0.74167 0.08302
0.81785 0.070712
0.84042 0.048074
0.79929 0.074511
0.82323 0.065328
0.74513 0.079294
0.80902 0.076887
0.80277 0.057058
0.7374 0.07738
0.76554 0.070259
0.8324 0.078203
0.82315 0.056153
0.75704 0.064653
0.73431 0.072261
0.84719 0.078764
0.82214 0.048958
0.73115 0.070579
0.76116 0.061414
0.81807 0.048481
0.84036 0.073439
0.75577 0.061841
0.70881 0.07165
0.78736 0.061776
0.81617 0.060208
0.69912 0.069081
0.7085 0.068474
0.8057 0.056323
0.78869 0.070009
0.71931 0.075576
0.76026 0.079005
0.78892 0.063801
0.80453 0.067362
0.75917 0.066232
0.78016 0.081457
0.79893 0.076301
0.79968 0.070687
0.81374 0.053465
0.7982 0.078127
0.70776 0.082708
0.69363 0.11763
0.68914 0.047069
0.74079 0.10897
0.7009 0.069201
0.67069 0.054004
0.73272 0.11633
0.70603 0.097939
0.65205 0.068312
0.89192 0.072234
0.74009 0.15266
0.91739 0.14537
0.91419 0.12064
0.90124 0.055241
0.90226 0.066842
0.90207 0.056831
0.90222 0.055052
0.87174 0.051965
0.70761 0.085489
0.87934 0.049666
0.87387 0.047124
0.88002 0.050816
0.70954 0.073964
0.65638 0.069748
0.87258 0.046811
0.85372 0.048364
0.87679 0.05916
0.86505 0.050596
0.85315 0.063846
0.85855 0.047102
0.85219 0.045193
0.67572 0.066394
0.86696 0.07038
0.8348 0.044402
0.6594 0.075043
0.84517 0.045844
0.85153 0.048229
0.84131 0.045275
0.8394 0.044888
0.67148 0.074728
0.8513 0.056727
0.84468 0.051693
0.84196 0.05188
0.66905 0.048154
0.83363 0.050674
0.83018 0.053
0.84826 0.07359
0.8305 0.056111
0.8446 0.059775
0.83374 0.055258
0.74378 0.0717
0.77379 0.074704
0.83079 0.063369
0.81058 0.065217
0.82707 0.059695
0.83063 0.064085
0.82018 0.066162
0.58961 0.068208
0.57106 0.046996
0.73286 0.082733
0.67847 0.060698
0.61895 0.10425
0.76384 0.072885
0.8455 0.20417
0.87291 0.090603
0.65828 0.10669
0.81382 0.066846
0.85254 0.13738
0.86442 0.055717
0.81154 0.11796
0.79108 0.089219
0.86559 0.079708
0.86345 0.079795
0.75599 0.14366
0.72609 0.11501
0.8415 0.059328
0.84793 0.094777
0.78565 0.10901
0.77221 0.12492
0.82672 0.11107
0.79566 0.062154
0.74208 0.10612
0.73127 0.086196
0.81976 0.089528
0.81408 0.06753
0.72156 0.071032
0.7367 0.070715
0.83204 0.079243
0.83121 0.053097
0.70284 0.066609
0.73667 0.066692
0.81197 0.062614
0.82098 0.050433
0.70901 0.068191
0.70183 0.066554
0.82864 0.058371
0.7982 0.056364
0.74056 0.066184
0.69025 0.067728
0.83679 0.071262
0.80449 0.059162
0.72038 0.075701
0.73688 0.059531
0.76751 0.060597
0.78697 0.065717
0.70395 0.076304
0.69627 0.059114
0.78705 0.061161
0.79239 0.066884
0.73062 0.063204
0.72717 0.087759
0.78803 0.076943
0.77661 0.059897
0.61998 0.10343
0.77018 0.059671
0.63349 0.074044
0.65228 0.067775
0.72427 0.075153
0.70244 0.067435
0.71481 0.069918
0.65313 0.069803
0.7246 0.099786
0.8588 0.088077
0.78851 0.15564
0.80268 0.11548
0.86164 0.079842
0.83077 0.084389
0.79815 0.10031
0.82837 0.17801
0.85427 0.057961
0.83861 0.045161
0.77132 0.11781
0.83183 0.11147
0.85511 0.047168
0.82883 0.045045
0.81518 0.10217
0.79075 0.063522
0.84518 0.10572
0.68269 0.068028
0.76732 0.074719
0.7758 0.072206
0.82913 0.080696
0.84158 0.053534
0.78068 0.052471
0.76033 0.062871
0.85091 0.052915
0.86396 0.08045
0.76938 0.062038
0.7391 0.076075
0.83665 0.056159
0.83496 0.053531
0.76461 0.059643
0.75709 0.069318
0.81785 0.066822
0.67352 0.070619
0.72293 0.071602
0.75761 0.066081
0.82675 0.072218
0.66287 0.069288
0.7702 0.059285
0.68838 0.076973
0.79983 0.061645
0.70514 0.11551
0.63563 0.04537
0.67431 0.048358
0.66465 0.071418
0.68893 0.087523
0.70196 0.06241
0.7374 0.11483
0.76179 0.066449
0.64202 0.078886
0.7637 0.10322
0.72939 0.058092
0.64455 0.04289
0.756 0.10028
0.75117 0.070789
0.63926 0.048536
0.66925 0.099706
0.74933 0.07153
0.75147 0.096861
0.66585 0.13994
0.65738 0.20876
0.7318 0.067697
0.73717 0.069145
0.66675 0.15167
0.6526 0.17022
0.72729 0.065593
0.71261 0.074995
0.65189 0.3308
0.71588 0.072478
0.73479 0.065999
0.73664 0.063517
0.65684 0.25703
0.71318 0.079517
0.71734 0.071847
0.71641 0.081458
0.6563 0.25663
0.68797 0.24785
0.72937 0.05755
0.71613 0.067132
0.72033 0.075917
0.70224 0.2541
0.70977 0.075997
0.69959 0.048325
0.75389 0.2506
0.76336 0.25622
0.68458 0.076596
0.7278 0.18937
0.71168 0.12457
0.71025 0.17718
0.70532 0.19032
0.7583 0.06365
0.73586 0.067778
0.74278 0.063359
0.69504 0.078767
0.69213 0.075775
0.72782 0.062467
0.71375 0.056917
0.68209 0.07145
0.68051 0.06566
0.71087 0.043323
0.71089 0.076725
0.68017 0.046869
0.67263 0.053015
0.70729 0.054493
0.70206 0.046801
0.65444 0.06639
0.65233 0.080972
0.68725 0.051505
0.68882 0.1431
0.66695 0.047949
0.67036 0.080682
0.67639 0.15407
0.67758 0.21178
0.66656 0.12221
0.66207 0.12911
0.69785 0.22256
0.70076 0.18705
0.65933 0.14699
0.64516 0.13144
0.71487 0.18257
0.70849 0.15354
0.61555 0.11394
0.63496 0.13636
0.66908 0.12953
0.64286 0.10565
0.58532 0.084824
0.59394 0.10157
0.65947 0.10686
0.63992 0.10541
0.71727 0.084601
0.72597 0.069641
0.72525 0.071004
0.72805 0.069267
0.72325 0.072425
0.68836 0.069948
0.68024 0.06749
0.69007 0.08062
0.66052 0.069245
0.71123 0.068645
0.65578 0.064163
0.62317 0.079925
0.71514 0.067138
0.66332 0.063002
0.68987 0.065603
0.55156 0.07978
0.57908 0.043931
0.66708 0.046293
0.66531 0.055647
0.69417 0.065513
0.6017 0.062789
0.65483 0.068537
0.64025 0.072613
0.61158 0.076356
0.63575 0.053453
0.65215 0.064881
0.62309 0.040411
0.64919 0.061824
0.61537 0.047291
0.58624 0.048839
0.59532 0.05596
0.60601 0.068985
