142
0.87398 0.040562
0.87134 0.04126
0.8734 0.042311
0.85097 0.040499
0.84464 0.04174
0.88079 0.040822
0.87584 0.04002
0.84855 0.040427
0.84691 0.042485
0.87332 0.041655
0.87159 0.040768
0.84486 0.04007
0.84228 0.041742
0.87133 0.040803
0.88156 0.04185
0.84425 0.041548
0.84203 0.040063
0.8762 0.041151
0.84757 0.04152
0.88401 0.041019
0.8486 0.041722
0.85955 0.040892
0.8483 0.040126
0.86356 0.042388
0.86745 0.040965
0.85133 0.040526
0.8551 0.04069
0.86211 0.042229
0.86434 0.041249
0.85593 0.040098
0.8542 0.040673
0.86256 0.042318
0.86847 0.042405
0.85551 0.040407
0.85457 0.041139
0.86746 0.041354
0.86417 0.041112
0.85769 0.040833
0.8586 0.041592
0.86265 0.041736
0.86853 0.041013
0.85482 0.041181
0.85747 0.040595
0.86276 0.040774
0.86849 0.042036
0.87714 0.040709
0.84229 0.040408
0.87342 0.041254
0.87294 0.041649
0.83926 0.040437
0.83788 0.041251
0.87657 0.040549
0.8717 0.040715
0.83629 0.040766
0.83975 0.042002
0.87743 0.042314
0.87764 0.041654
0.83606 0.040702
0.84204 0.0424
0.87149 0.041271
0.87597 0.042104
0.83692 0.042058
0.83613 0.04193
0.87553 0.042019
0.87369 0.040807
0.84026 0.041643
0.84228 0.040965
0.87097 0.042246
0.87234 0.040854
0.83583 0.040984
0.84116 0.042336
0.84959 0.040471
0.85006 0.040481
0.85006 0.041877
0.85904 0.040876
0.8623 0.041691
0.84605 0.042409
0.84807 0.041261
0.85969 0.042238
0.85784 0.040417
0.84714 0.04222
0.8457 0.042066
0.86105 0.040147
0.85795 0.040149
0.85074 0.041422
0.85217 0.042045
0.86251 0.04189
0.85544 0.042177
0.84547 0.042453
0.85221 0.040684
0.85518 0.041622
0.8619 0.041628
0.85096 0.041206
0.85124 0.042493
0.86073 0.042305
0.8613 0.042182
0.85215 0.042476
0.85631 0.042358
0.86687 0.041936
0.87264 0.04045
0.87562 0.041141
0.83633 0.040462
0.8653 0.042323
0.86744 0.042422
0.8754 0.042276
0.83091 0.040021
0.8712 0.040025
0.87239 0.04088
0.82929 0.040126
0.83363 0.042487
0.86511 0.042391
0.87082 0.040034
0.83126 0.042491
0.87504 0.04182
0.86529 0.04071
0.86703 0.040073
0.8768 0.041178
0.83268 0.041775
0.87205 0.040562
0.86987 0.041852
0.83607 0.041794
0.87527 0.040449
0.83748 0.041258
0.84673 0.040486
0.83625 0.040006
0.84549 0.040003
0.85231 0.040845
0.83703 0.041934
0.83671 0.040477
0.85622 0.040085
0.857 0.040067
0.83659 0.04043
0.83758 0.04221
0.8478 0.041749
0.85384 0.040641
0.84245 0.041586
0.8437 0.041417
0.85303 0.040975
0.84158 0.042132
0.85643 0.040816
0.85751 0.04125
0.8561 0.041917
