679
0.85192 0.040868
0.84489 0.040873
0.87578 0.040804
0.85478 0.04092
0.89212 0.040882
0.89806 0.041124
0.90364 0.040641
0.90017 0.040817
0.88994 0.04083
0.8833 0.041256
0.88583 0.040696
0.8966 0.040627
0.90085 0.04079
0.86512 0.04076
0.87056 0.04077
0.87042 0.040946
0.8646 0.040784
0.8424 0.041155
0.8431 0.040873
0.82689 0.040855
0.83918 0.041049
0.87487 0.041058
0.83139 0.040864
0.83731 0.040924
0.85546 0.04094
0.83972 0.040933
0.8177 0.040929
0.85595 0.040795
0.84288 0.0409
0.8421 0.040974
0.92574 0.040102
0.88643 0.040727
0.88475 0.041097
0.91293 0.040642
0.92173 0.040732
0.88363 0.041208
0.86808 0.04092
0.89345 0.040837
0.89851 0.040762
0.86993 0.040849
0.84941 0.04083
0.84583 0.040585
0.86255 0.040945
0.82409 0.040746
0.83783 0.040846
0.8498 0.041113
0.89293 0.041053
0.75688 0.040735
0.76925 0.04096
0.87283 0.040694
0.83688 0.040724
0.81977 0.040742
0.79809 0.040768
0.86472 0.040852
0.85852 0.040949
0.85145 0.040836
0.86213 0.040846
0.78844 0.041312
0.84044 0.040908
0.89259 0.041093
0.8257 0.040912
0.85612 0.040871
0.84815 0.040878
0.83292 0.04104
0.84047 0.040878
0.82487 0.040698
0.84269 0.040973
0.82936 0.040718
0.89026 0.040997
0.93048 0.041033
0.92827 0.040795
0.88625 0.040717
0.88859 0.040845
0.89853 0.041291
0.88814 0.040756
0.8742 0.041006
0.86611 0.040799
0.88361 0.041115
0.8745 0.04092
0.8492 0.040811
0.84395 0.041187
0.87329 0.04084
0.85186 0.040886
0.83582 0.04084
0.84155 0.041041
0.84831 0.040945
0.82882 0.040912
0.81567 0.041379
0.77396 0.040852
0.86762 0.040744
0.82183 0.041022
0.79829 0.040927
0.79933 0.040719
0.8435 0.04083
0.83994 0.040897
0.76758 0.040956
0.80687 0.041389
0.82924 0.041122
0.81662 0.040939
0.80795 0.041394
0.813 0.040865
0.84935 0.040883
0.82549 0.040963
0.78874 0.040922
0.76068 0.040999
0.81724 0.040914
0.80892 0.040713
0.85057 0.040846
0.83902 0.040943
0.82296 0.040785
0.85815 0.041159
0.85015 0.04096
0.85428 0.040844
0.82739 0.040838
0.90588 0.040825
0.89045 0.040693
0.93077 0.041046
0.94106 0.040645
0.881 0.040789
0.90765 0.040666
0.9267 0.041155
0.93747 0.040196
0.8522 0.040739
0.83701 0.041024
0.91466 0.040025
0.91475 0.040869
0.90325 0.041074
0.83775 0.040965
0.88927 0.040801
0.90099 0.040624
0.78214 0.040874
0.87426 0.04068
0.86119 0.041105
0.89191 0.040749
0.72755 0.041014
0.75993 0.040878
0.8807 0.040761
0.84812 0.040802
0.84539 0.040791
0.7224 0.041261
0.8502 0.040942
0.86704 0.040957
0.66997 0.041126
0.73083 0.040822
0.83128 0.04083
0.83991 0.040893
0.72866 0.040838
0.74221 0.041034
0.85277 0.040794
0.85474 0.04084
0.73714 0.040922
0.83871 0.040949
0.85277 0.040871
0.81691 0.041379
0.79315 0.041311
0.83164 0.04091
0.81657 0.040819
0.84471 0.040873
0.85158 0.041052
0.80899 0.040889
0.81978 0.041399
0.8196 0.040824
0.81003 0.040855
0.81497 0.041382
0.82172 0.040714
0.80347 0.040724
0.86001 0.040844
0.92123 0.040857
0.90441 0.040646
0.81554 0.040772
0.86144 0.04089
0.90873 0.040783
0.88318 0.040903
0.84628 0.040864
0.82748 0.040864
0.8726 0.040729
0.88026 0.040895
0.82731 0.040864
0.83781 0.040806
0.86329 0.04115
0.89601 0.040774
0.86048 0.040944
0.90091 0.040757
0.82489 0.040775
0.74717 0.040715
0.70212 0.040028
0.73409 0.040977
0.87333 0.040941
0.81794 0.041395
0.67585 0.041414
0.72357 0.040939
0.83861 0.04085
0.86339 0.040786
0.73943 0.040999
0.73649 0.041008
0.79786 0.040751
0.83913 0.040935
0.65408 0.040815
0.66097 0.041099
0.79594 0.040884
0.83979 0.041014
0.70165 0.040842
0.70195 0.040976
0.82236 0.040754
0.79801 0.040712
0.66502 0.040854
0.77517 0.040899
0.79204 0.040961
0.78081 0.040991
0.66918 0.040848
0.75576 0.041299
0.77438 0.041237
0.73566 0.040792
0.74324 0.041052
0.6806 0.040959
0.79533 0.0408
0.77023 0.041026
0.79375 0.040851
0.80711 0.040766
0.79727 0.041028
0.82636 0.040785
0.86454 0.040932
0.94988 0.040057
0.89715 0.040879
0.89391 0.0412
0.8666 0.040732
0.87948 0.040546
0.88139 0.04068
0.91907 0.04018
0.90701 0.040674
0.87014 0.040821
0.83766 0.04073
0.89043 0.040841
0.84212 0.040843
0.80239 0.040766
0.86822 0.040891
0.86035 0.040849
0.80857 0.041161
0.79759 0.040836
0.8702 0.041038
0.8712 0.040893
0.79664 0.040915
0.81569 0.040973
0.81745 0.040733
0.86365 0.040939
0.83363 0.040842
0.7558 0.040761
0.86096 0.040891
0.86012 0.040854
0.85733 0.040863
0.74173 0.040803
0.78412 0.041272
0.84534 0.040781
0.83038 0.040888
0.80708 0.041345
0.85068 0.040994
0.82972 0.040944
0.82658 0.040592
0.77109 0.041161
0.66052 0.041166
0.8261 0.040706
0.79251 0.040732
0.77525 0.040893
0.84436 0.040826
0.81626 0.040827
0.66487 0.040884
0.67332 0.041444
0.72641 0.040921
0.73713 0.040704
0.77732 0.040949
0.78362 0.040744
0.8073 0.040869
0.82904 0.04081
0.76051 0.040911
0.77415 0.040748
0.80795 0.041362
0.83811 0.040866
0.82264 0.040788
0.84564 0.040975
0.95828 0.041123
0.76162 0.040621
0.71551 0.040699
0.81691 0.040907
0.80813 0.04139
0.69194 0.040002
0.69746 0.040856
0.85259 0.040922
0.87148 0.040744
0.73231 0.040957
0.91425 0.040042
0.81277 0.040867
0.76965 0.041111
0.93468 0.04003
0.91733 0.040262
0.9092 0.040834
0.86818 0.041119
0.91022 0.040649
0.87212 0.040792
0.82244 0.040877
0.58937 0.041155
0.88861 0.040772
0.86605 0.040854
0.72133 0.041303
0.67438 0.040902
0.89359 0.040735
0.84778 0.040795
0.76612 0.041037
0.74737 0.041042
0.85489 0.040928
0.86489 0.040834
0.65908 0.040971
0.65554 0.040314
0.831 0.041023
0.83522 0.040881
0.71081 0.040816
0.85948 0.040828
0.85294 0.04088
0.85115 0.040911
0.64015 0.040955
0.64995 0.041111
0.83727 0.04087
0.82728 0.040823
0.68052 0.041118
0.69073 0.040892
0.8313 0.040855
0.82944 0.041376
0.72606 0.040848
0.78039 0.040982
0.83929 0.04087
0.81382 0.040743
0.81715 0.040755
0.76134 0.041247
0.83003 0.040723
0.80388 0.04084
0.7922 0.040743
0.8221 0.040722
0.81267 0.040775
0.81325 0.041348
0.78978 0.041289
0.79689 0.040801
0.69706 0.04091
0.79495 0.040739
0.67446 0.041434
0.67622 0.040939
0.68281 0.040824
0.82705 0.040935
0.87449 0.040799
0.80838 0.041349
0.92365 0.041049
0.88877 0.040758
0.86602 0.040973
0.78968 0.04076
0.8296 0.04056
0.87545 0.04087
0.90243 0.040645
0.84437 0.041042
0.85169 0.040833
0.8068 0.040721
0.8218 0.040592
0.75988 0.04085
0.84894 0.040793
0.84829 0.040807
0.76284 0.040825
0.88015 0.040736
0.83558 0.041078
0.75562 0.040796
0.81317 0.040813
0.70561 0.041275
0.79879 0.04092
0.84889 0.04101
0.81382 0.041406
0.77552 0.040836
0.70097 0.041302
0.82204 0.040875
0.8323 0.040758
0.67923 0.040891
0.79595 0.04106
0.83164 0.040711
0.82278 0.040756
0.78028 0.041208
0.72099 0.041015
0.79283 0.041358
0.80384 0.040894
0.70092 0.040834
0.68846 0.040897
0.8023 0.041361
0.75543 0.040781
0.66701 0.04092
0.68486 0.040805
0.76186 0.040715
0.7655 0.040883
0.67878 0.041445
0.69332 0.041042
0.73393 0.040877
0.74125 0.040875
0.84222 0.040945
0.71145 0.040952
0.72938 0.040826
0.70186 0.041226
0.67805 0.041124
0.78423 0.040651
0.69941 0.040993
0.5644 0.041051
0.78357 0.040581
0.71656 0.040963
0.74778 0.040863
0.89639 0.040683
0.84657 0.040665
0.9154 0.040035
0.91342 0.040255
0.88849 0.040976
0.8967 0.040752
0.89309 0.04097
0.88876 0.040924
0.86917 0.040893
0.71106 0.041047
0.87847 0.041291
0.88511 0.041165
0.87653 0.04084
0.83157 0.040803
0.61869 0.040999
0.91069 0.040058
0.86241 0.040851
0.87382 0.0407
0.86783 0.041009
0.83375 0.040839
0.87326 0.04074
0.8765 0.040777
0.58998 0.041133
0.85417 0.040905
0.84105 0.040972
0.71344 0.041373
0.85238 0.04096
0.85254 0.04083
0.83754 0.040832
0.84076 0.041012
0.69748 0.040862
0.8376 0.040548
0.83565 0.040799
0.83416 0.04079
0.57045 0.040993
0.8191 0.04099
0.80794 0.040721
0.83878 0.040797
0.82299 0.040897
0.83322 0.040853
0.82487 0.040835
0.61684 0.040771
0.65662 0.040811
0.81349 0.040915
0.77071 0.04083
0.7818 0.041153
0.76293 0.040892
0.79017 0.040774
0.67827 0.040395
0.70947 0.0412
0.80302 0.040639
0.65438 0.04027
0.73544 0.040745
0.74764 0.041059
0.94489 0.040202
0.88671 0.040644
0.58658 0.041102
0.85068 0.041049
0.88735 0.040928
0.85872 0.041062
0.83982 0.041155
0.78615 0.040808
0.85955 0.040804
0.85404 0.041129
0.86931 0.041042
0.78452 0.040744
0.8216 0.040869
0.82818 0.041045
0.8505 0.040557
0.80413 0.041155
0.84256 0.040833
0.80222 0.041048
0.79073 0.040806
0.69376 0.04125
0.79979 0.04087
0.81376 0.0409
0.72158 0.040911
0.70951 0.041099
0.84122 0.040844
0.82554 0.040807
0.73876 0.04094
0.73504 0.041006
0.80155 0.040928
0.82086 0.040979
0.66004 0.040749
0.6731 0.041248
0.81831 0.040866
0.80422 0.041347
0.74741 0.040889
0.67022 0.040608
0.82161 0.040824
0.79078 0.040959
0.68867 0.0408
0.73187 0.04108
0.77269 0.041271
0.76949 0.040975
0.66072 0.041283
0.65711 0.041187
0.7855 0.040838
0.75378 0.040913
0.69422 0.040093
0.64397 0.040836
0.70023 0.040892
0.71879 0.040925
0.72762 0.041371
0.8778 0.040824
0.65463 0.040921
0.67637 0.040696
0.68523 0.040873
0.71372 0.04085
0.78506 0.040901
0.64387 0.040879
0.77972 0.040882
0.84685 0.04098
0.90133 0.040815
0.83463 0.040939
0.85024 0.041045
0.80191 0.040958
0.81228 0.041035
0.86919 0.040696
0.84303 0.041003
0.86986 0.04095
0.78982 0.040917
0.85502 0.040927
0.87169 0.040725
0.86242 0.040823
0.81051 0.040893
0.80482 0.041056
0.8311 0.040927
0.66165 0.040825
0.74458 0.040866
0.75674 0.040902
0.80708 0.041318
0.83121 0.040938
0.83396 0.040742
0.77625 0.040735
0.83977 0.040892
0.87087 0.040829
0.77741 0.040793
0.69225 0.041132
0.82647 0.040791
0.82529 0.040721
0.78378 0.041263
0.75857 0.040919
0.81359 0.040897
0.60598 0.040928
0.69322 0.040882
0.76754 0.040769
0.82863 0.04094
0.61289 0.040865
0.79697 0.041317
0.71731 0.041246
0.7761 0.04076
0.72015 0.040771
0.57489 0.040973
0.69043 0.040877
0.68542 0.040941
0.68677 0.040792
0.63662 0.041052
0.80057 0.041143
0.82264 0.040719
0.61771 0.040997
0.80661 0.041359
0.69734 0.04103
0.65475 0.040736
0.76467 0.040673
0.76463 0.041291
0.60464 0.040845
0.58477 0.041108
0.76111 0.040893
0.74343 0.040972
0.57728 0.040924
0.57282 0.040923
0.73525 0.040846
0.70825 0.040802
0.52596 0.040828
0.58824 0.041133
0.76707 0.040887
0.70957 0.040873
0.58014 0.040961
0.68052 0.040974
0.70205 0.040912
0.72566 0.041337
0.51554 0.040917
0.61039 0.040925
0.67833 0.04092
0.61613 0.041181
0.52858 0.040939
0.55807 0.041191
0.71147 0.040948
0.65787 0.041173
0.61678 0.041209
0.54844 0.041138
0.68652 0.040782
0.68283 0.040815
0.58808 0.040913
0.59627 0.040995
0.61593 0.040803
0.53602 0.040873
0.64564 0.04081
0.54201 0.040841
0.54395 0.04101
0.8341 0.040863
0.74702 0.040824
0.74988 0.040778
0.65546 0.040976
0.6514 0.040733
0.69618 0.040911
0.67536 0.040791
0.62558 0.040923
0.61435 0.041073
0.68593 0.040975
0.62352 0.041137
0.6973 0.040961
0.63857 0.041214
0.63071 0.040927
0.66504 0.040811
0.63985 0.040359
0.66469 0.0409
0.62865 0.040775
0.55993 0.041098
0.59992 0.04076
0.60581 0.040336
0.74234 0.040819
0.56039 0.040931
0.63922 0.041015
0.59095 0.041047
0.54153 0.041038
0.55036 0.041013
0.57943 0.041215
0.62805 0.041064
0.53505 0.040854
0.72916 0.040923
0.47965 0.041157
0.6421 0.040106
0.58081 0.041
0.60481 0.040884
0.714 0.040732
0.53142 0.040868
0.58233 0.040867
0.60849 0.040943
0.72393 0.040929
0.73467 0.040714
0.72356 0.040904
0.7346 0.040786
0.71517 0.040813
0.62852 0.041021
0.62411 0.041035
0.65616 0.04105
0.66529 0.041105
0.68321 0.0411
0.6284 0.040876
0.57303 0.041051
0.68289 0.040856
0.63134 0.040435
0.66244 0.041074
0.48909 0.040655
0.66553 0.040804
0.61499 0.041199
0.58612 0.041401
0.66308 0.041146
0.71175 0.040921
0.637 0.040888
0.69456 0.040383
0.70252 0.040781
0.63021 0.041133
0.6331 0.041087
0.72829 0.040833
0.61223 0.041177
0.67528 0.041056
0.67661 0.041064
0.69804 0.040827
0.6956 0.040986
