73
0.035 0.91907
0.05877 0.92895
0.077846 0.17358
0.10635 0.20462
0.14007 0.20719
0.16088 0.20183
0.17693 0.30353
0.19019 0.17851
0.20809 0.1587
0.2221 0.17603
0.24159 0.29488
0.25509 0.19516
0.26906 0.20689
0.2966 0.15952
0.30289 0.17216
0.32827 0.18136
0.34577 0.17109
0.35604 0.22025
0.37521 0.14671
0.39271 0.21835
0.41454 0.12623
0.42048 0.15912
0.45853 0.23691
0.4643 0.46445
0.46258 0.18759
0.47288 0.11835
0.48914 0.2765
0.49834 0.28238
0.47399 0.16219
0.47991 0.17671
0.48804 0.17233
0.4896 0.31104
0.46396 0.13433
0.47163 0.17643
0.49543 0.18632
0.49219 0.17462
0.50327 0.30027
0.51843 0.26741
0.50732 0.16711
0.51457 0.15959
0.50169 0.23232
0.52768 0.20805
0.53575 0.22379
0.50648 0.16862
0.5123 0.12117
0.53568 0.20942
0.52585 0.22935
0.50191 0.15063
0.54804 0.28511
0.55359 0.19108
0.53739 0.19857
0.53132 0.15091
0.58804 0.23124
0.61107 0.1588
0.62902 0.1796
0.63775 0.18771
0.65167 0.27021
0.6738 0.12473
0.68787 0.17838
0.71322 0.15336
0.7299 0.2929
0.75581 0.31466
0.78036 0.17676
0.79306 0.28078
0.80333 0.18559
0.83075 0.19917
0.84306 0.13545
0.85597 0.1677
0.88041 0.22439
0.90428 0.93013
0.92352 0.92726
0.94752 0.91974
0.95546 0.92497
