142
0.95979 0.26691
0.95699 0.29872
0.95702 0.20312
0.95746 0.21692
0.95685 0.20494
0.95752 0.24182
0.95745 0.27952
0.95698 0.20489
0.95687 0.29578
0.95977 0.25932
0.95734 0.28414
0.95981 0.35583
0.95727 0.32827
0.95694 0.29401
0.95746 0.26528
0.95712 0.31541
0.95692 0.29348
0.95729 0.22212
0.95947 0.30894
0.95747 0.16334
0.95777 0.11795
0.95728 0.22256
0.95746 0.21796
0.95735 0.26318
0.95735 0.25601
0.95746 0.35785
0.95717 0.30683
0.95692 0.3031
0.9592 0.31729
0.95969 0.33657
0.95719 0.32111
0.9572 0.33199
0.95736 0.26913
0.95711 0.33701
0.95743 0.14519
0.95727 0.2712
0.95983 0.32976
0.95726 0.2258
0.95728 0.22733
0.95714 0.28094
0.95991 0.27139
0.95826 0.054218
0.95731 0.22323
0.95716 0.27876
0.95745 0.19391
0.9599 0.21603
0.95719 0.28079
0.95743 0.21955
0.9575 0.19534
0.95939 0.31707
0.95729 0.23264
0.95714 0.23754
0.95989 0.29821
0.95741 0.24151
0.95757 0.13736
0.95746 0.16665
0.95743 0.16071
0.95726 0.17728
0.95756 0.1636
0.95756 0.25084
0.95726 0.23012
0.95751 0.16455
0.95746 0.19172
0.95998 0.2191
0.95691 0.2057
0.95766 0.15757
0.95759 0.15261
0.95735 0.1864
0.95696 0.20045
0.95739 0.17126
0.95776 0.14827
0.95736 0.24953
0.95729 0.22516
0.95984 0.27567
0.95743 0.17172
0.95753 0.28376
0.95738 0.28827
0.95757 0.10223
0.95726 0.26136
0.95722 0.1801
0.95747 0.12786
0.95742 0.14216
0.95731 0.17575
0.95743 0.1728
0.95722 0.2801
0.95742 0.20867
0.95736 0.21661
0.95722 0.22494
0.95771 0.12097
0.95776 0.11721
0.95748 0.20757
0.9572 0.24207
0.95758 0.14104
0.95759 0.15436
0.95802 0.12435
0.95786 0.14682
0.95757 0.12257
0.95781 0.14076
0.95688 0.21319
0.9574 0.24467
0.95712 0.30154
0.95793 0.082717
0.95737 0.25878
0.95748 0.28095
0.95719 0.22869
0.95718 0.22921
0.95778 0.14475
0.95758 0.1534
0.95732 0.21415
0.95998 0.22068
0.95731 0.24585
0.95742 0.19075
0.95705 0.18341
0.95756 0.16312
0.95751 0.18816
0.95743 0.14255
0.95755 0.13724
0.95747 0.18971
0.95732 0.14703
0.95773 0.12401
0.95765 0.13479
0.95775 0.12876
0.95786 0.066074
0.95757 0.071169
0.95777 0.090643
0.95726 0.24325
0.95728 0.21619
0.95732 0.18752
0.9575 0.19167
0.95977 0.28812
0.95724 0.095903
0.957 0.19082
0.95728 0.17963
0.95752 0.19387
0.95746 0.16937
0.95738 0.1757
0.95751 0.16071
0.95735 0.17863
0.95766 0.092995
0.95971 0.26416
0.95748 0.17254
0.95726 0.18035
