679
0.84948 0.040088
0.84227 0.040072
0.87439 0.040115
0.85218 0.040142
0.89081 0.040219
0.89711 0.040384
0.90206 0.041047
0.89898 0.040122
0.88931 0.040153
0.88206 0.040434
0.88512 0.040035
0.89774 0.041038
0.90285 0.040089
0.86408 0.040043
0.87039 0.040073
0.87042 0.04023
0.8644 0.040064
0.83975 0.040329
0.84314 0.040073
0.82707 0.040032
0.83649 0.040242
0.87335 0.040318
0.83139 0.040043
0.83736 0.040104
0.85287 0.040162
0.83688 0.040112
0.81708 0.040109
0.85464 0.04004
0.84167 0.040093
0.84092 0.040156
0.9268 0.040586
0.8844 0.040062
0.88396 0.040348
0.91458 0.041047
0.92384 0.041142
0.88306 0.040444
0.86657 0.040193
0.89367 0.040155
0.89898 0.040074
0.86874 0.040138
0.84725 0.040048
0.84441 0.041074
0.86123 0.040195
0.82262 0.041251
0.83689 0.040035
0.84849 0.040288
0.8935 0.040334
0.75507 0.040013
0.76756 0.040191
0.87232 0.040013
0.83567 0.041227
0.81983 0.041244
0.79679 0.040032
0.86533 0.040128
0.85915 0.04019
0.85079 0.040063
0.8608 0.040107
0.78563 0.040339
0.84041 0.040097
0.8929 0.040369
0.82339 0.040083
0.85702 0.040114
0.84935 0.040094
0.83129 0.040252
0.83836 0.040067
0.82468 0.041199
0.84047 0.040155
0.8305 0.041222
0.88848 0.040319
0.92748 0.040517
0.9264 0.041205
0.88523 0.040053
0.88797 0.040168
0.89794 0.040538
0.88741 0.040088
0.87323 0.040269
0.86535 0.040082
0.88292 0.040361
0.87346 0.040216
0.84861 0.040034
0.84262 0.040355
0.87288 0.040144
0.85136 0.040109
0.83495 0.040027
0.84363 0.04022
0.84781 0.04015
0.82852 0.040082
0.8162 0.040417
0.77295 0.040104
0.86841 0.040044
0.82068 0.040282
0.79802 0.040234
0.79914 0.041211
0.84357 0.040036
0.83977 0.040086
0.77003 0.040189
0.80598 0.040415
0.82791 0.040339
0.81658 0.040228
0.807 0.040421
0.81272 0.040066
0.84837 0.040096
0.82468 0.040127
0.78683 0.040178
0.75747 0.040233
0.81684 0.040097
0.80814 0.041207
0.84989 0.040069
0.83791 0.040123
0.82211 0.041292
0.85705 0.040343
0.84864 0.040165
0.85284 0.040076
0.82567 0.040018
0.90722 0.040101
0.88731 0.04003
0.9287 0.040531
0.9361 0.040998
0.88025 0.040114
0.90895 0.041073
0.92774 0.040602
0.93623 0.04064
0.85126 0.041232
0.83659 0.04019
0.91554 0.040507
0.91582 0.0401
0.90451 0.040376
0.8368 0.040139
0.88897 0.040128
0.90181 0.041032
0.78101 0.040135
0.87385 0.040004
0.85986 0.040304
0.89325 0.040078
0.72915 0.040262
0.76403 0.040118
0.88054 0.04009
0.84802 0.040024
0.8441 0.040004
0.72069 0.040481
0.85009 0.040154
0.86782 0.04023
0.66982 0.040305
0.72969 0.040249
0.83089 0.040013
0.83988 0.040083
0.72629 0.040283
0.74049 0.040226
0.85326 0.040034
0.85539 0.040081
0.7331 0.040312
0.83891 0.04013
0.85383 0.040103
0.81629 0.040418
0.79041 0.040339
0.82989 0.040082
0.81639 0.040015
0.84387 0.040075
0.84947 0.040235
0.80622 0.040108
0.81974 0.04044
0.81976 0.040012
0.80733 0.040075
0.81227 0.040417
0.82237 0.041216
0.80263 0.041216
0.86119 0.040105
0.92239 0.040061
0.90573 0.041053
0.81544 0.041274
0.86106 0.040146
0.91017 0.04005
0.88274 0.040215
0.84672 0.040075
0.82716 0.04004
0.87252 0.040043
0.8796 0.040208
0.82788 0.04004
0.83846 0.040003
0.86229 0.040352
0.89663 0.040092
0.86111 0.040193
0.9045 0.040055
0.82389 0.041282
0.7437 0.040057
0.69763 0.040529
0.73132 0.040212
0.87477 0.040213
0.81653 0.040433
0.67541 0.040491
0.72045 0.040219
0.83931 0.040044
0.86498 0.040069
0.73985 0.040336
0.73882 0.040216
0.79696 0.040017
0.83943 0.040118
0.65064 0.040326
0.66131 0.040423
0.79521 0.040137
0.84186 0.040192
0.70406 0.040371
0.70149 0.040264
0.82302 0.041259
0.79732 0.041204
0.66456 0.040202
0.77526 0.040149
0.79141 0.040232
0.77905 0.040234
0.66663 0.040193
0.75517 0.04037
0.77253 0.040377
0.73188 0.040205
0.74121 0.040239
0.6758 0.040271
0.79407 0.040066
0.76724 0.040248
0.79239 0.040112
0.80563 0.040004
0.79479 0.040315
0.82682 0.041293
0.86474 0.040197
0.95299 0.040444
0.89843 0.040226
0.89463 0.040429
0.86683 0.040028
0.87989 0.040976
0.88111 0.040019
0.91969 0.040672
0.90986 0.041082
0.87086 0.04012
0.84114 0.041232
0.89025 0.040162
0.84089 0.040042
0.80161 0.040018
0.86714 0.04017
0.85903 0.040103
0.80721 0.04045
0.79751 0.040091
0.86948 0.040281
0.87053 0.040183
0.79636 0.040217
0.81561 0.040262
0.81612 0.041233
0.86526 0.040204
0.83383 0.040026
0.75698 0.04003
0.86217 0.040151
0.86125 0.040115
0.85783 0.04011
0.74146 0.040152
0.78129 0.040448
0.84444 0.041283
0.83308 0.040065
0.80783 0.040378
0.85168 0.040204
0.82849 0.04011
0.8304 0.041088
0.77185 0.040305
0.66029 0.040318
0.8253 0.041208
0.79262 0.04001
0.77584 0.040144
0.84354 0.040033
0.81582 0.040023
0.66233 0.04023
0.67077 0.040514
0.72326 0.040194
0.73433 0.040112
0.77599 0.040193
0.78286 0.040024
0.80656 0.040091
0.82884 0.04132
0.76003 0.040151
0.77192 0.040013
0.80708 0.040392
0.83802 0.040055
0.82233 0.041295
0.84762 0.040174
0.95934 0.041784
0.75942 0.041124
0.71041 0.040228
0.81765 0.040088
0.80863 0.040418
0.68631 0.040504
0.69592 0.040389
0.85477 0.040151
0.874 0.040061
0.7327 0.040348
0.91099 0.040524
0.81512 0.040062
0.76834 0.040256
0.93189 0.040483
0.91695 0.040632
0.91046 0.040095
0.86734 0.040344
0.91076 0.041055
0.87122 0.040096
0.82587 0.040051
0.58609 0.040266
0.88862 0.040102
0.8649 0.040128
0.72647 0.04042
0.67267 0.04023
0.89405 0.040063
0.84689 0.040015
0.77113 0.04026
0.75112 0.040303
0.85362 0.040153
0.86513 0.040111
0.65688 0.040306
0.65362 0.040705
0.82986 0.040244
0.83448 0.040062
0.71077 0.040333
0.86027 0.040088
0.85338 0.04011
0.85174 0.040131
0.6384 0.040225
0.6492 0.04041
0.83606 0.040055
0.82607 0.040004
0.68161 0.040319
0.68853 0.040193
0.83175 0.040035
0.83008 0.040438
0.72505 0.0403
0.78343 0.04023
0.83853 0.040059
0.81418 0.041242
0.8169 0.041257
0.75872 0.040373
0.83158 0.041227
0.8036 0.040077
0.79138 0.04002
0.82141 0.041224
0.81264 0.041275
0.81345 0.040386
0.79213 0.040518
0.80007 0.040056
0.69737 0.040205
0.79551 0.040011
0.67305 0.040506
0.67866 0.040255
0.68212 0.040353
0.82572 0.040102
0.87414 0.040111
0.80851 0.040382
0.93409 0.04049
0.88837 0.040089
0.86568 0.040237
0.78909 0.040037
0.83071 0.041053
0.87567 0.040178
0.9033 0.041053
0.84811 0.040234
0.85387 0.040069
0.80547 0.041214
0.82144 0.041085
0.76109 0.040097
0.85037 0.040023
0.84831 0.040029
0.76108 0.040075
0.8826 0.040071
0.84021 0.040268
0.75286 0.040075
0.81413 0.040016
0.70227 0.040412
0.80015 0.040233
0.84928 0.04021
0.81363 0.040438
0.77722 0.040097
0.69754 0.040436
0.82076 0.040054
0.83309 0.041264
0.67633 0.040211
0.79853 0.040349
0.83268 0.041214
0.82197 0.04126
0.782 0.040383
0.722 0.040288
0.79332 0.04038
0.8033 0.040216
0.70269 0.040365
0.68915 0.040199
0.80225 0.040388
0.75437 0.040056
0.66674 0.040259
0.68117 0.040335
0.76084 0.041226
0.76351 0.040123
0.67487 0.040524
0.68828 0.040326
0.73005 0.040293
0.73815 0.040236
0.84362 0.040137
0.70549 0.040244
0.72884 0.040258
0.70057 0.040437
0.67746 0.040319
0.78621 0.041148
0.69931 0.040279
0.55838 0.040047
0.78593 0.041074
0.71484 0.040252
0.75633 0.040123
0.89653 0.04001
0.85297 0.041155
0.91234 0.040515
0.911 0.040624
0.88749 0.040297
0.89605 0.040073
0.89228 0.040302
0.88771 0.040251
0.86838 0.040176
0.70914 0.040292
0.87801 0.040449
0.88548 0.040411
0.87588 0.040151
0.83826 0.041312
0.6198 0.040487
0.91308 0.040545
0.86214 0.040116
0.87307 0.04002
0.8673 0.040245
0.83259 0.040022
0.87346 0.040056
0.87724 0.040098
0.58666 0.040246
0.85275 0.04013
0.84127 0.040155
0.72003 0.040495
0.85219 0.040176
0.85198 0.040061
0.83728 0.040024
0.84069 0.040189
0.7025 0.040392
0.83668 0.041039
0.8351 0.041308
0.83374 0.041299
0.56357 0.04004
0.81859 0.040264
0.80702 0.041215
0.83802 0.041304
0.82285 0.04007
0.83257 0.040035
0.82462 0.040016
0.6101 0.040223
0.65108 0.04032
0.8128 0.040109
0.76834 0.040079
0.77877 0.04033
0.75896 0.040136
0.78817 0.040049
0.68611 0.040795
0.71655 0.040431
0.80663 0.041125
0.65577 0.040659
0.74124 0.040108
0.7472 0.040228
0.94742 0.040474
0.88722 0.041068
0.59077 0.04034
0.85244 0.040234
0.88898 0.040256
0.85769 0.040257
0.84126 0.040331
0.78512 0.04008
0.85844 0.040061
0.85277 0.040308
0.87621 0.040301
0.78733 0.040026
0.82071 0.040049
0.82703 0.040275
0.85387 0.041037
0.80598 0.040447
0.84321 0.040037
0.80288 0.040352
0.79292 0.040074
0.69058 0.040381
0.79862 0.040117
0.81391 0.040093
0.72068 0.040195
0.70669 0.040335
0.84147 0.040043
0.82547 0.041317
0.74119 0.040276
0.73488 0.040227
0.80101 0.040244
0.82121 0.040244
0.65768 0.040254
0.67354 0.040421
0.81805 0.040052
0.80477 0.040377
0.74895 0.04018
0.67223 0.040142
0.82093 0.040009
0.7899 0.040221
0.68864 0.040339
0.73087 0.04031
0.77313 0.040406
0.76889 0.040205
0.66172 0.040424
0.65685 0.040329
0.78473 0.040106
0.7522 0.04018
0.69195 0.040602
0.6395 0.040374
0.69464 0.040187
0.71447 0.040216
0.73254 0.040469
0.88329 0.040151
0.65666 0.040258
0.67779 0.040232
0.68473 0.040182
0.71354 0.040354
0.78825 0.040162
0.65196 0.040198
0.78252 0.040144
0.84561 0.040174
0.90814 0.040096
0.83635 0.040115
0.84895 0.040241
0.8004 0.04027
0.81296 0.040327
0.87133 0.040011
0.84207 0.040185
0.87083 0.040234
0.79047 0.040173
0.85566 0.040158
0.87194 0.040038
0.8636 0.040096
0.81031 0.040099
0.80561 0.04036
0.83023 0.040097
0.66067 0.040178
0.74384 0.04019
0.75611 0.040154
0.80602 0.040352
0.83069 0.040107
0.83722 0.041247
0.77744 0.04001
0.83893 0.040079
0.87057 0.040126
0.77782 0.04006
0.69019 0.040341
0.8261 0.041299
0.82499 0.041224
0.78456 0.04045
0.76035 0.040158
0.81351 0.040091
0.60723 0.040319
0.69255 0.040182
0.76945 0.040026
0.8288 0.040107
0.6173 0.04035
0.79818 0.040345
0.7212 0.040474
0.77453 0.040027
0.71989 0.040259
0.57033 0.040083
0.69048 0.040179
0.68622 0.040242
0.68629 0.04033
0.6331 0.040289
0.80389 0.040435
0.82581 0.041222
0.62408 0.040506
0.80896 0.040391
0.69451 0.040312
0.65541 0.040249
0.76527 0.041182
0.76569 0.040411
0.6043 0.040223
0.58526 0.040317
0.76223 0.040132
0.74295 0.04029
0.58011 0.040118
0.57951 0.040106
0.7353 0.040233
0.70486 0.040331
0.52675 0.041409
0.59277 0.040243
0.7709 0.04013
0.71021 0.040385
0.58453 0.040181
0.68079 0.04028
0.69904 0.040206
0.72413 0.040435
0.51468 0.041473
0.60761 0.040326
0.67836 0.040236
0.61271 0.04031
0.53116 0.041532
0.55985 0.040168
0.70851 0.04024
0.65655 0.040318
0.61312 0.040338
0.55092 0.040079
0.68776 0.040323
0.68174 0.040345
0.58105 0.040132
0.58854 0.04025
0.61579 0.04029
0.52923 0.041461
0.64259 0.040345
0.53777 0.041426
0.54536 0.041607
0.83792 0.040051
0.74882 0.040124
0.7508 0.040072
0.65343 0.040303
0.64937 0.040259
0.69351 0.040206
0.67417 0.040309
0.62421 0.040444
0.61227 0.040496
0.68408 0.040273
0.62116 0.040304
0.69691 0.04025
0.63653 0.04032
0.62739 0.040457
0.66403 0.040308
0.64304 0.040759
0.67335 0.040239
0.62674 0.040323
0.55936 0.040087
0.59749 0.040098
0.60332 0.040795
0.74728 0.040132
0.56473 0.041505
0.6392 0.040279
0.58984 0.040294
0.54473 0.041637
0.55192 0.041607
0.58563 0.040321
0.63345 0.040282
0.53232 0.041442
0.73024 0.040336
0.47837 0.04027
0.65149 0.040627
0.57738 0.040171
0.61176 0.040315
0.72584 0.040203
0.53592 0.041456
0.58573 0.040109
0.61604 0.040404
0.72245 0.040206
0.73495 0.040119
0.72251 0.040364
0.73473 0.040184
0.71362 0.04032
0.62636 0.040224
0.6206 0.040213
0.6545 0.040372
0.66547 0.040276
0.68124 0.040304
0.63011 0.040417
0.57168 0.040157
0.68072 0.04038
0.63211 0.040034
0.66361 0.0404
0.49058 0.040259
0.67448 0.040317
0.6126 0.040325
0.58413 0.040402
0.66387 0.040307
0.71948 0.040214
0.64378 0.040419
0.70798 0.040778
0.71306 0.040302
0.62987 0.040338
0.63579 0.04032
0.73313 0.04024
0.61435 0.040304
0.6809 0.040359
0.68426 0.040362
0.70489 0.040359
0.70355 0.040273
