142
1 0.04092
1 0.040721
1 0.040738
1 0.042055
1 0.040799
1 0.040901
1 0.040425
1 0.040677
1 0.040637
1 0.040639
1 0.040933
1 0.041772
1 0.041406
1 0.04051
1 0.040452
1 0.040782
1 0.04182
1 0.040911
1 0.041473
1 0.041068
1 0.041401
1 0.042673
1 0.040402
1 0.041737
1 0.040793
1 0.041093
1 0.040977
1 0.040831
1 0.040889
1 0.041411
1 0.042242
1 0.040646
1 0.043229
1 0.040967
1 0.040504
1 0.042588
1 0.041115
1 0.040629
1 0.040485
1 0.040463
1 0.040988
1 0.040587
1 0.040494
1 0.041673
1 0.042397
0.82955 0.040595
0.65935 0.040548
0.92549 0.040221
1 0.041155
0.66316 0.040703
0.67652 0.040471
1 0.040839
1 0.041434
0.84172 0.04022
0.74088 0.040502
1 0.047756
1 0.056614
0.96398 0.28473
0.89208 0.040786
1 0.043732
1 0.054072
1 0.040524
1 0.05798
1 0.052728
1 0.044801
1 0.041547
1 0.040656
1 0.046961
1 0.044626
1 0.054234
1 0.067816
0.64609 0.040241
0.65355 0.040459
0.57377 0.040577
0.6893 0.040413
0.56714 0.04033
0.50365 0.040643
0.63264 0.040372
0.57619 0.040696
0.53116 0.040706
0.75407 0.040269
0.81748 0.040996
0.49994 0.040273
0.61762 0.041126
0.809 0.040544
0.82128 0.040919
0.71729 0.040573
0.81882 0.040618
0.96603 0.13806
0.90418 0.040295
0.84624 0.040498
0.76779 0.040448
1 0.041693
1 0.052668
0.91061 0.040321
0.97138 0.18601
1 0.049269
1 0.061238
0.78858 0.040865
0.70368 0.040295
0.73647 0.040589
0.65265 0.041133
0.58025 0.040342
0.60043 0.0407
0.64401 0.040437
0.61327 0.041136
0.63289 0.04075
0.54641 0.040674
0.58178 0.040635
0.60542 0.040654
0.56257 0.040744
0.51151 0.040386
0.52232 0.040604
0.53893 0.040324
0.71705 0.040352
0.6918 0.040503
0.48917 0.040313
0.51171 0.040582
0.69418 0.040475
0.778 0.040502
0.54599 0.040347
0.72104 0.040595
0.57704 0.04069
0.35259 0.040239
0.63851 0.040694
0.37057 0.040611
0.28551 0.040758
0.5827 0.040622
0.60118 0.040546
0.25832 0.040695
0.22789 0.040621
0.53315 0.0407
0.54237 0.040694
0.41175 0.040654
0.17953 0.040797
0.32254 0.040367
0.4015 0.040708
0.1664 0.040679
0.42519 0.040316
0.24321 0.040679
0.25446 0.040592
0.18416 0.040736
