73
0.035 0.91864
0.05877 0.18165
0.077846 0.16551
0.10635 0.17528
0.14007 0.2004
0.16088 0.1555
0.17693 0.19652
0.19019 0.15167
0.20809 0.22062
0.2221 0.15134
0.24159 0.1619
0.25509 0.15444
0.26906 0.18138
0.2966 0.16711
0.30289 0.15034
0.32827 0.17324
0.34577 0.17247
0.35604 0.32662
0.37521 0.16454
0.39271 0.22839
0.41454 0.14949
0.42048 0.17759
0.45853 0.15387
0.4643 0.17742
0.46258 0.228
0.47288 0.3492
0.48914 0.22643
0.49834 0.19472
0.47399 0.17687
0.47991 0.26297
0.48804 0.15113
0.4896 0.1443
0.46396 0.15638
0.47163 0.17388
0.49543 0.16789
0.49219 0.1726
0.50327 0.13142
0.51843 0.18919
0.50732 0.17287
0.51457 0.17771
0.50169 0.19376
0.52768 0.22588
0.53575 0.39606
0.50648 0.15189
0.5123 0.18366
0.53568 0.19203
0.52585 0.14159
0.50191 0.17606
0.54804 0.13283
0.55359 0.29017
0.53739 0.16672
0.53132 0.17614
0.58804 0.28185
0.61107 0.14445
0.62902 0.17534
0.63775 0.17566
0.65167 0.18363
0.6738 0.15946
0.68787 0.16693
0.71322 0.17613
0.7299 0.2388
0.75581 0.18974
0.78036 0.16721
0.79306 0.36766
0.80333 0.16268
0.83075 0.25983
0.84306 0.16973
0.85597 0.15034
0.88041 0.16467
0.90428 0.17895
0.92352 0.91584
0.94752 0.92004
0.95546 0.92854
