340
0.023396 0.020604
0.03551 0.02455
0.066252 0.021079
0.029807 0.030238
0.035279 0.03049
0.087156 0.020371
0.077459 0.02414
0.10609 0.02325
0.050759 0.032529
0.041489 0.031362
0.046575 0.031971
0.13639 0.022346
0.053602 0.032825
0.15119 0.022597
0.057009 0.035572
0.055831 0.034109
0.057135 0.035689
0.16164 0.022643
0.071206 0.032846
0.16595 0.025127
0.093466 0.030984
0.10567 0.03015
0.16979 0.027252
0.1258 0.032024
0.17909 0.028022
0.12837 0.033076
0.12567 0.032004
0.1276 0.032647
0.17571 0.031348
0.12863 0.03339
0.19325 0.026637
0.13121 0.034411
0.12859 0.033371
0.13149 0.034845
0.18713 0.031909
0.17213 0.036372
0.2062 0.022461
0.13464 0.036368
0.13516 0.035828
0.13556 0.036128
0.20858 0.031797
0.18006 0.036899
0.22444 0.021498
0.1929 0.036935
0.1362 0.03687
0.22855 0.027872
0.18525 0.037993
0.23678 0.028698
0.20292 0.040344
0.23625 0.033174
0.22138 0.036803
0.24843 0.022069
0.15156 0.038997
0.11146 0.03725
0.17016 0.039285
0.25218 0.022856
0.19697 0.040458
0.24982 0.031669
0.22469 0.03937
0.19045 0.03968
0.2197 0.040056
0.26525 0.022046
0.2285 0.039023
0.2577 0.032508
0.23062 0.038913
0.22971 0.038958
0.28321 0.025853
0.23453 0.038632
0.26935 0.029871
0.25173 0.0373
0.23457 0.038632
0.23031 0.03909
0.30132 0.026397
0.25342 0.037228
0.30407 0.027377
0.25325 0.038348
0.10669 0.038105
0.31492 0.025923
0.080627 0.037853
0.31792 0.026697
0.27681 0.03307
0.084339 0.037464
0.07427 0.038447
0.3113 0.032565
0.050801 0.039515
0.32274 0.030762
0.28485 0.036559
0.05474 0.04271
0.042029 0.038351
0.32431 0.032038
0.033745 0.038411
0.33561 0.024861
0.033979 0.042302
0.032398 0.040668
0.32683 0.03456
0.036705 0.043606
0.32818 0.034518
0.12903 0.03782
0.038941 0.04446
0.33502 0.030779
0.054117 0.043604
0.35009 0.026123
0.049485 0.042224
0.039116 0.044882
0.33582 0.032028
0.038053 0.045043
0.35752 0.025923
0.037998 0.045082
0.037996 0.045039
0.037844 0.045036
0.34964 0.030355
0.04966 0.043285
0.267 0.038428
0.040369 0.045601
0.038259 0.045138
0.36199 0.031678
0.19693 0.041412
0.37042 0.031166
0.052092 0.044093
0.10021 0.037973
0.206 0.042016
0.37629 0.023974
0.305 0.038452
0.39405 0.022168
0.38576 0.027347
0.30134 0.038357
0.37984 0.033631
0.32202 0.038536
0.38625 0.034668
0.28281 0.038585
0.10781 0.039673
0.38802 0.034689
0.41002 0.027959
0.38983 0.035002
0.35617 0.031465
0.4246 0.032598
0.41043 0.031132
0.39906 0.032815
0.42087 0.033223
0.40666 0.033605
0.34878 0.03564
0.43383 0.020385
0.42934 0.021526
0.52023 0.020079
0.52812 0.020185
0.39621 0.024852
0.50168 0.022202
0.40194 0.025384
0.49444 0.023131
0.40187 0.025414
0.40113 0.026116
0.44954 0.024724
0.50241 0.024928
0.43524 0.028287
0.46184 0.024917
0.49242 0.023949
0.52569 0.021559
0.42344 0.035338
0.47907 0.025372
0.51103 0.024508
0.50871 0.025817
0.43748 0.034914
0.46226 0.030055
0.52107 0.022592
0.52345 0.023592
0.45518 0.031863
0.51588 0.025518
0.54576 0.021391
0.54967 0.025358
0.56531 0.021533
0.5833 0.026931
0.55243 0.02811
0.58858 0.0276
0.53676 0.034427
0.5811 0.028421
0.53793 0.023912
0.51461 0.035551
0.5806 0.028422
0.56604 0.030883
0.53748 0.025661
0.53359 0.02155
0.56599 0.031652
0.5499 0.035266
0.46429 0.037166
0.4519 0.03803
0.55399 0.035767
0.4368 0.037611
0.53175 0.022036
0.46901 0.036367
0.4211 0.038229
0.41828 0.038139
0.53542 0.025082
0.60286 0.021433
0.59563 0.028892
0.61933 0.029481
0.63409 0.039056
0.60627 0.031789
0.63297 0.038815
0.58778 0.028848
0.6051 0.032633
0.67428 0.039548
0.5987 0.03173
0.60284 0.033018
0.70135 0.038904
0.80581 0.03597
0.56342 0.035195
0.57674 0.035504
0.67859 0.038658
0.60999 0.035612
0.49541 0.035074
0.44522 0.038432
0.61595 0.036608
0.61812 0.022224
0.6371 0.034721
0.63133 0.026724
0.71646 0.039288
0.67881 0.037074
0.91179 0.03967
0.69403 0.03799
0.78738 0.036443
0.78807 0.036284
0.67843 0.038723
0.6375 0.037912
0.65488 0.036584
0.8297 0.038162
0.66755 0.038179
0.9459 0.038415
0.93436 0.043227
0.94805 0.037791
0.68301 0.034346
0.905 0.039284
0.71465 0.038086
0.9599 0.039815
0.95347 0.03879
0.96026 0.039923
0.65001 0.033176
0.9614 0.040267
0.70527 0.035257
0.8046 0.035722
0.96159 0.04032
0.68907 0.031938
0.84001 0.039488
0.71418 0.036176
0.95972 0.03953
0.95889 0.039238
0.64582 0.026064
0.83651 0.038341
0.7363 0.036394
0.95532 0.03754
0.95617 0.038527
0.95523 0.037574
0.6504 0.022814
0.9535 0.03665
0.71483 0.033409
0.94582 0.034845
0.95163 0.035915
0.94665 0.034764
0.67039 0.026014
0.77057 0.037229
0.70807 0.030787
0.91015 0.037809
0.9333 0.041563
0.69695 0.026852
0.75153 0.035574
0.68702 0.023805
0.77902 0.036639
0.89927 0.038042
0.88472 0.037954
0.69871 0.024125
0.86405 0.040279
0.75004 0.034424
0.80118 0.034625
0.71437 0.025044
0.80194 0.03455
0.76082 0.035389
0.83578 0.035569
0.83285 0.035167
0.72671 0.025464
0.83982 0.036472
0.73227 0.025683
0.85504 0.039611
0.83934 0.036354
0.85639 0.039396
0.74249 0.027368
0.8658 0.039485
0.75544 0.029795
0.87792 0.038297
0.87632 0.038549
0.75154 0.024213
0.88745 0.036989
0.76263 0.025067
0.81012 0.034118
0.88327 0.037124
0.89444 0.0343
0.77372 0.025733
0.90012 0.032584
0.78207 0.025373
0.81856 0.031695
0.90256 0.032883
0.91122 0.035125
0.78578 0.023897
0.91598 0.035381
0.79744 0.023902
0.9216 0.034339
0.9164 0.035153
0.9261 0.034164
0.80674 0.021601
0.92965 0.034474
0.83147 0.026162
0.9345 0.033046
0.93558 0.032707
0.83541 0.023113
0.90223 0.02671
0.83992 0.023161
0.95194 0.031796
0.94771 0.03023
0.95559 0.032828
0.84877 0.021791
0.96351 0.036116
0.87145 0.024326
0.96473 0.035706
0.96362 0.036133
0.88404 0.02173
0.92695 0.027294
0.91376 0.02476
0.93135 0.026752
0.96686 0.03505
0.96827 0.0355
0.9186 0.022816
0.97298 0.036173
0.93998 0.023653
0.9737 0.036052
0.97299 0.036172
0.97355 0.036073
0.96331 0.023502
0.97663 0.03598
0.97281 0.023473
0.97503 0.028346
0.97585 0.035976
0.97801 0.035813
