142
0.87591 0.041798
0.87327 0.040075
0.87533 0.041195
0.8529 0.041698
0.84658 0.040697
0.88272 0.042105
0.87777 0.041403
0.85048 0.041615
0.84884 0.041343
0.87525 0.040627
0.87352 0.042043
0.84679 0.041462
0.84421 0.040699
0.87326 0.042081
0.8835 0.040798
0.84618 0.040553
0.84396 0.041453
0.87814 0.042502
0.8495 0.040528
0.88595 0.042341
0.85053 0.040681
0.86149 0.042193
0.85023 0.041535
0.86549 0.041257
0.86938 0.042279
0.85327 0.041733
0.85703 0.041954
0.86404 0.041122
0.86628 0.040065
0.85786 0.041499
0.85613 0.041932
0.86449 0.041202
0.8704 0.041273
0.85744 0.041589
0.8565 0.042486
0.86939 0.04015
0.8661 0.042452
0.85962 0.042118
0.86053 0.040571
0.86458 0.040694
0.87046 0.042333
0.85675 0.040006
0.8594 0.04184
0.86469 0.04205
0.87043 0.040957
0.87907 0.041978
0.84422 0.041591
0.87535 0.04007
0.87488 0.040622
0.8412 0.041627
0.83981 0.040066
0.8785 0.041761
0.87363 0.041986
0.83822 0.04204
0.84168 0.040926
0.87936 0.041198
0.87958 0.040626
0.83799 0.041969
0.84398 0.041268
0.87342 0.040084
0.8779 0.041017
0.83885 0.040976
0.83806 0.040862
0.87746 0.040942
0.87562 0.042086
0.84219 0.040616
0.84421 0.042279
0.8729 0.041138
0.87427 0.042145
0.83777 0.042296
0.8431 0.041217
0.85152 0.041664
0.85199 0.041676
0.85199 0.040821
0.86097 0.042173
0.86423 0.040659
0.84799 0.041276
0.85 0.040075
0.86162 0.04113
0.85977 0.041601
0.84908 0.041115
0.84763 0.040983
0.86299 0.041562
0.85988 0.041566
0.85267 0.040445
0.8541 0.040964
0.86445 0.040833
0.85737 0.041077
0.84741 0.041315
0.85415 0.041946
0.85711 0.040597
0.86383 0.040603
0.85289 0.040028
0.85318 0.041351
0.86266 0.04119
0.86323 0.041081
0.85408 0.041335
0.85824 0.041237
0.8688 0.040868
0.87458 0.041644
0.87755 0.042489
0.83826 0.041652
0.86723 0.041206
0.86938 0.041288
0.87733 0.041164
0.83285 0.041404
0.87313 0.041409
0.87432 0.042178
0.83122 0.041535
0.83556 0.041345
0.86704 0.04126
0.87276 0.041421
0.83319 0.041348
0.87697 0.04077
0.86722 0.041978
0.86897 0.041466
0.87874 0.040004
0.83461 0.040729
0.87398 0.041798
0.8718 0.040799
0.838 0.040747
0.8772 0.041642
0.83941 0.040073
0.84866 0.041682
0.83818 0.041385
0.84742 0.041381
0.85424 0.042133
0.83896 0.040866
0.83864 0.041671
0.85815 0.041482
0.85893 0.041459
0.83852 0.041618
0.83951 0.041106
0.84973 0.040705
0.85577 0.041891
0.84439 0.040565
0.84563 0.040441
0.85497 0.042292
0.84351 0.041042
0.85836 0.042097
0.85944 0.040066
0.85803 0.040857
