142
0.87516 0.040525
0.87252 0.0412
0.87458 0.042241
0.85215 0.040443
0.84583 0.041671
0.88197 0.040764
0.87702 0.042481
0.84973 0.040137
0.84809 0.042412
0.8745 0.04159
0.87277 0.040706
0.84604 0.040017
0.84346 0.041673
0.87251 0.040744
0.88274 0.041784
0.84543 0.041482
0.84321 0.04001
0.87739 0.041088
0.84875 0.041453
0.8852 0.040959
0.84978 0.041653
0.86074 0.040835
0.84948 0.040075
0.86474 0.042312
0.86863 0.040904
0.85252 0.040471
0.85628 0.040634
0.86329 0.042157
0.86552 0.041188
0.85711 0.040046
0.85538 0.040616
0.86374 0.042248
0.86965 0.04233
0.85669 0.040117
0.85575 0.041076
0.86864 0.041289
0.86535 0.041048
0.85887 0.040774
0.85978 0.041526
0.86383 0.041667
0.86971 0.040953
0.856 0.041119
0.85865 0.040558
0.86394 0.040712
0.86967 0.041967
0.87832 0.040653
0.84347 0.040118
0.8746 0.041194
0.87413 0.041585
0.84044 0.040146
0.83906 0.04119
0.87775 0.040495
0.87288 0.04066
0.83747 0.040704
0.84093 0.041932
0.87861 0.042244
0.87883 0.04159
0.83724 0.040647
0.84322 0.042325
0.87267 0.041211
0.87715 0.042036
0.8381 0.041989
0.83731 0.041858
0.87671 0.04195
0.87487 0.040748
0.84144 0.041578
0.84346 0.040904
0.87215 0.042175
0.87352 0.040796
0.83701 0.040923
0.84234 0.042267
0.85077 0.040415
0.85124 0.040425
0.85124 0.041811
0.86022 0.040819
0.86348 0.041628
0.84724 0.042334
0.84925 0.0412
0.86087 0.042166
0.85902 0.040126
0.84832 0.042148
0.84688 0.041997
0.86224 0.040096
0.85913 0.040099
0.85192 0.041359
0.85335 0.041976
0.86369 0.041825
0.85662 0.042105
0.84665 0.042379
0.85339 0.040628
0.85636 0.041557
0.86308 0.041563
0.85214 0.041144
0.85242 0.04242
0.86191 0.042235
0.86248 0.042109
0.85333 0.042403
0.85749 0.042289
0.86805 0.041865
0.87382 0.040159
0.8768 0.041078
0.83751 0.040406
0.86648 0.042253
0.86862 0.042348
0.87658 0.042206
0.83209 0.042482
0.87238 0.042488
0.87357 0.040822
0.83047 0.040075
0.83481 0.042414
0.86629 0.042316
0.872 0.042501
0.83244 0.042418
0.87622 0.041753
0.86647 0.040654
0.86821 0.040021
0.87799 0.041116
0.83386 0.041707
0.87323 0.040524
0.87105 0.041786
0.83725 0.041726
0.87645 0.040159
0.83866 0.041197
0.84791 0.04043
0.83743 0.042459
0.84667 0.042455
0.85349 0.040786
0.83821 0.041863
0.83789 0.040421
0.8574 0.040033
0.85818 0.040015
0.83777 0.040139
0.83876 0.042138
0.84898 0.04168
0.85502 0.040583
0.84363 0.04152
0.84488 0.041354
0.85421 0.040914
0.84276 0.042065
0.85761 0.040757
0.85869 0.041189
0.85728 0.041852
