142
0.91573 0.040927
0.91309 0.044246
0.91515 0.04043
0.89272 0.05074
0.88639 0.042111
0.92254 0.043877
0.91759 0.040774
0.8903 0.043255
0.88866 0.04597
0.91507 0.041768
0.91334 0.041372
0.88661 0.040632
0.88403 0.042253
0.91308 0.044001
0.92331 0.040056
0.886 0.044681
0.88378 0.040672
0.91795 0.041631
0.88932 0.041823
0.92576 0.046965
0.89035 0.052912
0.9013 0.047062
0.89005 0.040894
0.90531 0.045941
0.9092 0.041578
0.89308 0.043398
0.89685 0.041276
0.90386 0.042631
0.90609 0.041878
0.89768 0.040664
0.89595 0.041263
0.90431 0.042454
0.91022 0.042976
0.89726 0.04655
0.89632 0.041762
0.90921 0.048075
0.90592 0.041726
0.89944 0.041288
0.90035 0.044477
0.9044 0.042056
0.91028 0.04695
0.89657 0.041805
0.89922 0.041178
0.90451 0.051108
0.91024 0.042155
0.91889 0.043849
0.88404 0.043352
0.91517 0.044219
0.91469 0.042013
0.88101 0.043403
0.87963 0.041901
0.91832 0.043438
0.91345 0.041308
0.87804 0.043793
0.8815 0.04522
0.91918 0.042448
0.91939 0.042157
0.87781 0.041079
0.88379 0.042969
0.91324 0.047895
0.91772 0.040265
0.87867 0.045456
0.87788 0.040119
0.91728 0.042356
0.91544 0.046525
0.88201 0.041955
0.88403 0.046861
0.91272 0.049542
0.91409 0.056319
0.87758 0.051722
0.88291 0.04276
0.89134 0.043448
0.89181 0.043466
0.8918 0.042261
0.90079 0.044092
0.90405 0.042066
0.8878 0.042832
0.88982 0.041893
0.90144 0.042642
0.89959 0.040954
0.88889 0.042344
0.88745 0.042603
0.9028 0.042889
0.8997 0.040935
0.89249 0.04449
0.89392 0.040215
0.90426 0.045201
0.89719 0.040322
0.88722 0.042813
0.89396 0.046288
0.89693 0.041936
0.90365 0.044537
0.89271 0.052421
0.89299 0.042628
0.90248 0.054354
0.90305 0.042307
0.8939 0.042607
0.89806 0.042489
0.90862 0.045246
0.91439 0.046636
0.91737 0.047594
0.87808 0.041002
0.90705 0.04274
0.90919 0.045881
0.91715 0.04269
0.87266 0.040774
0.91295 0.042704
0.91414 0.041491
0.87104 0.040694
0.87538 0.040731
0.90686 0.045961
0.91257 0.040644
0.87301 0.046117
0.91679 0.040033
0.90704 0.041157
0.90878 0.046001
0.91855 0.041652
0.87443 0.044747
0.9138 0.050463
0.91162 0.041963
0.87782 0.053096
0.91702 0.040993
0.87923 0.04191
0.88848 0.043342
0.878 0.040754
0.88724 0.042956
0.89406 0.046833
0.87878 0.040292
0.87846 0.041032
0.89797 0.042796
0.89875 0.040837
0.87834 0.046608
0.87933 0.040347
0.88955 0.044983
0.89559 0.04108
0.8842 0.041891
0.88545 0.04779
0.89478 0.04144
0.88333 0.049308
0.89818 0.041411
0.89926 0.044228
0.89785 0.040113
