73
0.035 0.039437
0.05877 0.038461
0.077846 0.038435
0.10635 0.038428
0.14007 0.038426
0.16088 0.038426
0.17693 0.038426
0.19019 0.038426
0.20809 0.038426
0.2221 0.038426
0.24159 0.038426
0.25509 0.038426
0.26906 0.038426
0.2966 0.038426
0.30289 0.038426
0.32827 0.038426
0.34577 0.038426
0.35604 0.038426
0.37521 0.038426
0.39271 0.038426
0.41454 0.038426
0.42048 0.038426
0.45853 0.038426
0.4643 0.20395
0.46258 0.21789
0.47288 0.038426
0.48914 0.038426
0.49834 0.17798
0.47399 0.18843
0.47991 0.20648
0.48804 0.1799
0.4896 0.20942
0.46396 0.2258
0.47163 0.23997
0.49543 0.22372
0.49219 0.23771
0.50327 0.038426
0.51843 0.038426
0.50732 0.17866
0.51457 0.18089
0.50169 0.20578
0.52768 0.19015
0.53575 0.20411
0.50648 0.2228
0.5123 0.2351
0.53568 0.22698
0.52585 0.24261
0.50191 0.2529
0.54804 0.038426
0.55359 0.038426
0.53739 0.21256
0.53132 0.23607
0.58804 0.038426
0.61107 0.038426
0.62902 0.038426
0.63775 0.038426
0.65167 0.038426
0.6738 0.038426
0.68787 0.038426
0.71322 0.038426
0.7299 0.038426
0.75581 0.038426
0.78036 0.038426
0.79306 0.038426
0.80333 0.038426
0.83075 0.038427
0.84306 0.038427
0.85597 0.038427
0.88041 0.038434
0.90428 0.03847
0.92352 0.038909
0.94752 0.041478
0.95546 0.042431
