340
0.021006 0.022039
0.027089 0.034576
0.03536 0.022733
0.031446 0.042355
0.037756 0.042344
0.042517 0.021026
0.045133 0.031552
0.052531 0.028157
0.057521 0.042289
0.044649 0.042332
0.051747 0.042316
0.064042 0.023606
0.06174 0.042269
0.075354 0.022584
0.072329 0.042215
0.068285 0.042239
0.072715 0.042212
0.08871 0.022
0.084325 0.042127
0.094696 0.023735
0.092372 0.042055
0.096954 0.04199
0.10429 0.025245
0.10919 0.041816
0.11782 0.025269
0.11846 0.041705
0.10895 0.041819
0.11437 0.041754
0.12827 0.027377
0.12296 0.041652
0.13835 0.024463
0.13391 0.041544
0.12268 0.041655
0.13835 0.041515
0.14668 0.028319
0.15046 0.031269
0.15509 0.021768
0.16083 0.041803
0.15013 0.04144
0.15621 0.04162
0.16622 0.02814
0.16541 0.033783
0.17836 0.021264
0.17814 0.03509
0.16728 0.042067
0.18363 0.026613
0.18565 0.038071
0.19533 0.026238
0.19331 0.037268
0.2051 0.029255
0.20049 0.036524
0.21174 0.021411
0.20678 0.042943
0.19703 0.045782
0.21318 0.042386
0.21835 0.021869
0.22095 0.041827
0.22923 0.02692
0.23446 0.04132
0.21879 0.04198
0.23045 0.041306
0.23856 0.021615
0.24226 0.041348
0.25406 0.027069
0.24955 0.041378
0.24652 0.041365
0.26337 0.024652
0.26329 0.041643
0.27615 0.028497
0.27793 0.034351
0.26394 0.041655
0.27144 0.041795
0.28756 0.0244
0.28325 0.033874
0.29423 0.024665
0.2938 0.034745
0.29793 0.042152
0.30525 0.022899
0.30706 0.042196
0.3131 0.023114
0.31177 0.031559
0.30527 0.042187
0.31188 0.042221
0.32068 0.026177
0.32618 0.042302
0.33505 0.024177
0.33444 0.031416
0.32139 0.042275
0.33791 0.042351
0.34218 0.024434
0.34767 0.042385
0.35512 0.022152
0.35708 0.042408
0.35283 0.042399
0.36237 0.02526
0.36389 0.042424
0.37524 0.025231
0.3781 0.033109
0.37287 0.042441
0.38179 0.023982
0.38751 0.034266
0.3954 0.022296
0.39311 0.034216
0.38415 0.042457
0.40218 0.024246
0.40609 0.042476
0.41114 0.021806
0.41794 0.042482
0.407 0.042476
0.41172 0.042479
0.42298 0.023582
0.42204 0.032306
0.43503 0.02852
0.43335 0.042488
0.42131 0.042483
0.44526 0.024582
0.44831 0.034481
0.45807 0.025344
0.45262 0.042493
0.4554 0.042494
0.45757 0.63719
0.4629 0.022369
0.46193 0.042495
0.47777 0.027446
0.47514 0.032789
0.46172 0.042495
0.47542 0.042496
0.4654 0.60999
0.47444 0.61357
0.46281 0.6141
0.45814 0.62732
0.47265 0.62092
0.47856 0.63362
0.4656 0.64081
0.45956 0.64772
0.47756 0.64332
0.47426 0.64583
0.46514 0.65898
0.47065 0.6654
0.46925 0.66401
0.47905 0.67164
0.48764 0.023019
0.48735 0.031864
0.49658 0.024067
0.49798 0.033039
0.48147 0.042497
0.49442 0.042498
0.48482 0.59497
0.49468 0.5925
0.48476 0.59499
0.4818 0.60993
0.4926 0.60129
0.49606 0.60574
0.48752 0.6209
0.48774 0.63142
0.49237 0.61703
0.49836 0.6336
0.48158 0.64303
0.48606 0.64924
0.49323 0.63886
0.49244 0.64805
0.48563 0.66175
0.48292 0.67358
0.49657 0.66029
0.49841 0.67714
0.48256 0.67342
0.49274 0.67654
0.50466 0.023905
0.50662 0.034413
0.51126 0.024689
0.51521 0.042499
0.507 0.042498
0.51783 0.042499
0.50644 0.59266
0.51667 0.59557
0.50267 0.59225
0.50438 0.61361
0.51626 0.5954
0.51415 0.61169
0.50346 0.62061
0.50201 0.63266
0.51737 0.62215
0.51426 0.62696
0.50705 0.63699
0.50848 0.64883
0.51882 0.63839
0.51175 0.64973
0.50179 0.66319
0.50966 0.67605
0.51149 0.66021
0.52057 0.67186
0.5066 0.67665
0.52665 0.02187
0.52171 0.042499
0.53537 0.028877
0.53499 0.042499
0.5275 0.042499
0.53411 0.042499
0.52099 0.59771
0.52795 0.60265
0.53562 0.61148
0.52751 0.62163
0.5287 0.62927
0.5373 0.6143
0.54145 0.62527
0.52142 0.63978
0.52714 0.65254
0.54204 0.64092
0.53135 0.6474
0.5216 0.65635
0.52314 0.67031
0.53425 0.65983
0.54239 0.021605
0.54294 0.031061
0.55885 0.022008
0.55756 0.033126
0.54394 0.042499
0.55702 0.0425
0.53696 0.61369
0.54098 0.62342
0.54187 0.62738
0.54203 0.64098
0.54 0.64903
0.5675 0.023479
0.56258 0.034496
0.57748 0.024592
0.57597 0.0425
0.56462 0.0425
0.57805 0.0425
0.58597 0.02595
0.58659 0.033841
0.59607 0.027997
0.59396 0.0425
0.58302 0.0425
0.59528 0.0425
0.60468 0.022346
0.60333 0.0425
0.61605 0.027007
0.61671 0.031593
0.60846 0.0425
0.62532 0.026086
0.62253 0.033944
0.63196 0.027633
0.63345 0.0425
0.63637 0.0425
0.64515 0.021496
0.64742 0.034914
0.65501 0.028988
0.65191 0.0425
0.64344 0.0425
0.6515 0.0425
0.66603 0.021105
0.66109 0.0425
0.67788 0.028845
0.67301 0.0425
0.66523 0.0425
0.67237 0.0425
0.6819 0.024291
0.6839 0.032926
0.69191 0.027901
0.69793 0.0425
0.68216 0.0425
0.70627 0.025582
0.70281 0.031069
0.71314 0.023523
0.71721 0.033799
0.70291 0.0425
0.71114 0.0425
0.72639 0.023453
0.72616 0.0425
0.73531 0.02852
0.73665 0.034594
0.74589 0.023926
0.7445 0.034833
0.75827 0.028339
0.75752 0.0425
0.75478 0.0425
0.76177 0.023939
0.7627 0.0425
0.77118 0.02365
0.77278 0.0425
0.76207 0.0425
0.77382 0.0425
0.78594 0.024731
0.78234 0.0425
0.79652 0.026258
0.79365 0.0425
0.79186 0.0425
0.80126 0.022899
0.80885 0.0425
0.81646 0.023993
0.81336 0.031372
0.80525 0.0425
0.81646 0.0425
0.82811 0.025605
0.82279 0.0425
0.83733 0.024913
0.8344 0.031808
0.82456 0.0425
0.83408 0.0425
0.84152 0.023469
0.84622 0.0425
0.85268 0.023805
0.85418 0.0425
0.8472 0.0425
0.85863 0.0425
0.86323 0.02152
0.86202 0.0425
0.87457 0.027708
0.8711 0.0425
0.87308 0.0425
0.88848 0.023613
0.88765 0.032878
0.89301 0.023433
0.89106 0.0425
0.8874 0.0425
0.89333 0.0425
0.90186 0.021845
0.90279 0.0425
0.91587 0.026384
0.91291 0.0425
0.90345 0.0425
0.92862 0.023036
0.92745 0.03173
0.93811 0.027515
0.93343 0.031749
0.92735 0.0425
0.93234 0.0425
0.94842 0.024713
0.94829 0.0425
0.95453 0.028231
0.95184 0.0425
0.94832 0.0425
0.9511 0.0425
0.96856 0.026249
0.96538 0.0425
0.97513 0.025128
0.97391 0.032478
0.96194 0.0425
0.97163 0.0425
