340
0.023631 0.020565
0.036901 0.023588
0.076715 0.02102
0.030484 0.029205
0.036604 0.028321
0.095985 0.020471
0.088185 0.024696
0.11051 0.024508
0.059626 0.029547
0.045116 0.02759
0.053752 0.028159
0.13283 0.022905
0.063386 0.03076
0.14468 0.02302
0.06894 0.033277
0.066891 0.032386
0.06914 0.033326
0.15379 0.023139
0.084074 0.033054
0.15735 0.026203
0.10152 0.034131
0.1107 0.03406
0.16057 0.029244
0.1264 0.035049
0.16723 0.030396
0.12956 0.036058
0.12628 0.035021
0.12855 0.035652
0.16627 0.034508
0.12994 0.036375
0.17852 0.028465
0.13238 0.03711
0.1299 0.036356
0.13287 0.037432
0.17497 0.035341
0.1668 0.040084
0.18893 0.022903
0.13642 0.039279
0.13614 0.03848
0.13677 0.038946
0.19178 0.032644
0.17244 0.04133
0.20442 0.022149
0.18187 0.040471
0.13843 0.040038
0.20717 0.031846
0.17742 0.043396
0.2129 0.033239
0.19247 0.041375
0.21374 0.039756
0.20543 0.042222
0.21996 0.023003
0.15485 0.046918
0.12062 0.040819
0.16944 0.047308
0.22255 0.023923
0.18777 0.044621
0.2214 0.036595
0.20907 0.046235
0.1826 0.044922
0.20623 0.045621
0.23362 0.022932
0.21157 0.046974
0.22766 0.035852
0.21281 0.047419
0.21229 0.04725
0.24393 0.028354
0.2149 0.048102
0.23643 0.03506
0.22406 0.044057
0.21492 0.048122
0.21281 0.048001
0.25806 0.027858
0.2255 0.043103
0.26029 0.028615
0.22622 0.046848
0.11711 0.042948
0.27126 0.02532
0.096014 0.042308
0.27463 0.025906
0.24065 0.04026
0.098888 0.042742
0.09014 0.041023
0.26783 0.032208
0.061907 0.035054
0.28175 0.029286
0.24575 0.042758
0.069251 0.038994
0.045382 0.032238
0.28431 0.030496
0.03424 0.035363
0.2943 0.026116
0.034441 0.038865
0.032831 0.037823
0.2909 0.034258
0.037495 0.039224
0.29403 0.035922
0.13601 0.045657
0.040176 0.039319
0.29915 0.034109
0.068866 0.040821
0.30433 0.030205
0.060896 0.036559
0.040404 0.039778
0.30233 0.037638
0.039131 0.040446
0.30849 0.030279
0.039067 0.040521
0.039062 0.040464
0.038876 0.040526
0.30837 0.039008
0.061635 0.037791
0.23783 0.049096
0.042004 0.040102
0.039388 0.040484
0.31454 0.042079
0.19084 0.047977
0.31727 0.038101
0.066139 0.041678
0.1115 0.045523
0.19905 0.048141
0.31857 0.026315
0.26135 0.046755
0.33133 0.022577
0.32527 0.029907
0.25966 0.047763
0.32272 0.041745
0.2827 0.041254
0.32864 0.039724
0.24439 0.049646
0.12186 0.045997
0.33006 0.038415
0.34943 0.030664
0.33173 0.03832
0.31267 0.045059
0.36522 0.040606
0.35401 0.03551
0.34382 0.034477
0.36278 0.041524
0.35446 0.039049
0.39681 0.04037
0.36078 0.020694
0.35863 0.022685
0.4664 0.020019
0.50596 0.020032
0.33372 0.025677
0.40703 0.021285
0.3395 0.026382
0.39745 0.023091
0.33943 0.026417
0.33916 0.027215
0.37041 0.027659
0.41036 0.022535
0.36652 0.034341
0.3793 0.027889
0.39634 0.024223
0.49254 0.020307
0.37432 0.040567
0.39224 0.027296
0.43272 0.021361
0.42891 0.02187
0.39969 0.029687
0.38915 0.032263
0.46992 0.020622
0.4811 0.020791
0.38864 0.033304
0.45014 0.02148
0.61084 0.020386
0.62305 0.021983
0.65055 0.021212
0.6645 0.028944
0.63262 0.023647
0.66782 0.030153
0.62656 0.026071
0.66261 0.030781
0.56703 0.020701
0.59356 0.023844
0.6623 0.030699
0.65466 0.031177
0.56548 0.021004
0.53871 0.020253
0.6555 0.032503
0.64583 0.031845
0.59528 0.026043
0.5929 0.026755
0.64771 0.034745
0.61051 0.0302
0.5275 0.020321
0.58123 0.024979
0.60159 0.030698
0.62081 0.038887
0.55064 0.020865
0.68246 0.021745
0.67203 0.031495
0.69003 0.033581
0.68349 0.043069
0.67637 0.034392
0.68243 0.042424
0.66654 0.032141
0.67333 0.036185
0.71902 0.040912
0.67063 0.035881
0.67058 0.037612
0.75781 0.043999
0.81605 0.052326
0.65218 0.036104
0.65648 0.041681
0.72918 0.039439
0.66802 0.04178
0.63852 0.038837
0.63367 0.039737
0.66885 0.043104
0.69358 0.023657
0.69637 0.04264
0.69938 0.03058
0.77135 0.047713
0.73332 0.037903
0.90186 0.044263
0.75149 0.041728
0.81167 0.052154
0.81193 0.052178
0.7286 0.039498
0.69322 0.046402
0.70375 0.041755
0.85089 0.051177
0.71375 0.039991
0.94986 0.039269
0.93026 0.041287
0.95226 0.039496
0.74138 0.035749
0.89375 0.045339
0.77009 0.044537
0.96212 0.043793
0.95718 0.041221
0.9624 0.043964
0.70735 0.035794
0.9633 0.044502
0.76168 0.039017
0.81653 0.050053
0.96345 0.044585
0.74739 0.034669
0.85691 0.050057
0.76941 0.040982
0.96201 0.043408
0.96136 0.042959
0.71176 0.026647
0.85502 0.04901
0.78079 0.043348
0.95881 0.040152
0.95932 0.041518
0.95873 0.040164
0.71747 0.023171
0.95751 0.038819
0.76959 0.037389
0.95058 0.036048
0.95614 0.037933
0.95145 0.036174
0.73297 0.027049
0.80072 0.04475
0.76432 0.033792
0.90378 0.039991
0.93041 0.037701
0.75536 0.028676
0.78879 0.040724
0.74752 0.024855
0.81179 0.043697
0.88972 0.04421
0.88217 0.047954
0.75658 0.025109
0.87232 0.049711
0.79021 0.037435
0.81878 0.043923
0.76907 0.026528
0.81951 0.043608
0.79883 0.037835
0.85544 0.044697
0.85382 0.044649
0.77818 0.027047
0.85785 0.04479
0.78306 0.026778
0.86731 0.046229
0.85754 0.044772
0.86825 0.046387
0.79111 0.028603
0.87391 0.047042
0.80065 0.031286
0.88026 0.045499
0.87921 0.046008
0.79943 0.024905
0.88682 0.041466
0.80859 0.026607
0.83006 0.03885
0.88434 0.042731
0.8955 0.038513
0.81587 0.028971
0.90068 0.037027
0.82132 0.027626
0.84533 0.036477
0.90184 0.036715
0.9092 0.03538
0.82413 0.025275
0.91481 0.033831
0.83167 0.025584
0.92247 0.033084
0.91555 0.033733
0.92756 0.03262
0.83898 0.022202
0.93116 0.032174
0.85456 0.03046
0.9387 0.031358
0.94056 0.031245
0.85696 0.02496
0.90448 0.028798
0.86004 0.024671
0.95692 0.033292
0.95309 0.031511
0.95974 0.034857
0.86638 0.022414
0.96603 0.039398
0.88317 0.025794
0.96717 0.03897
0.96613 0.039424
0.89333 0.022344
0.93035 0.026336
0.91654 0.024561
0.93569 0.025834
0.96901 0.038302
0.97013 0.038944
0.92187 0.022657
0.97403 0.040247
0.94618 0.023556
0.97465 0.040094
0.97404 0.040245
0.97453 0.04012
0.96662 0.024204
0.97714 0.040004
0.97426 0.024348
0.97603 0.030447
0.97648 0.039998
0.97832 0.039794
