142
0.88722 0.041954
0.87262 0.042229
0.90759 0.042264
0.92093 0.042324
0.94323 0.041829
0.9106 0.041936
0.88907 0.041944
0.91844 0.042497
0.86981 0.042707
0.88815 0.042595
0.90542 0.042669
0.86571 0.042129
0.86209 0.042506
0.87401 0.042171
0.87941 0.041994
0.8646 0.042585
0.84663 0.042368
0.86729 0.0422
0.85476 0.041977
0.86159 0.042055
0.84034 0.041525
0.883 0.042206
0.93741 0.041943
0.88437 0.041958
0.8532 0.040645
0.87681 0.041829
0.88439 0.042548
0.89719 0.042044
0.84821 0.04252
0.90664 0.042592
0.87263 0.042185
0.873 0.041927
0.85316 0.0424
0.91211 0.04225
0.92133 0.042625
0.85829 0.041946
0.88023 0.042552
0.86394 0.04207
0.85791 0.042441
0.84752 0.042051
0.84287 0.042588
0.87571 0.041956
0.88052 0.042033
0.85247 0.042329
0.82882 0.042149
0.78314 0.041828
0.83035 0.042666
0.90509 0.042065
0.90284 0.042375
0.93559 0.041741
0.92946 0.042312
0.81787 0.04
0.87077 0.042622
0.84821 0.041964
0.86317 0.042604
0.80802 0.042564
0.86765 0.042124
0.8095 0.041868
0.8433 0.04188
0.84219 0.041876
0.8373 0.041863
0.78387 0.041682
0.84793 0.041956
0.8111 0.041839
0.83065 0.042039
0.84209 0.042228
0.8696 0.042344
0.81782 0.042071
0.81519 0.042267
0.87576 0.042191
0.84955 0.042066
0.82357 0.042221
0.85174 0.0405
0.78935 0.042039
0.8133 0.041972
0.6534 0.041655
0.89841 0.04248
0.94046 0.041841
0.76378 0.042624
0.82216 0.042313
0.92198 0.042506
0.78314 0.042193
0.8449 0.042071
0.87203 0.042383
0.80476 0.042113
0.69198 0.042203
0.833 0.041727
0.82279 0.04225
0.88703 0.042163
0.78359 0.04174
0.79671 0.042371
0.64055 0.041677
0.88863 0.042002
0.88615 0.042472
0.70327 0.04229
0.77866 0.042096
0.8864 0.042607
0.75828 0.042049
0.7862 0.04209
0.73678 0.042055
0.75299 0.04196
0.51848 0.042766
0.71943 0.041944
0.6484 0.041741
0.58303 0.042619
0.60737 0.041565
0.7025 0.042092
0.65352 0.04203
0.67694 0.042152
0.65456 0.041917
0.73523 0.04225
0.76715 0.041942
0.61613 0.041488
0.62268 0.041271
0.70561 0.041895
0.68104 0.041635
0.71497 0.042511
0.60077 0.042669
0.7331 0.040121
0.84266 0.042016
0.56519 0.042718
0.77601 0.041542
0.49839 0.04259
0.35692 0.04048
0.69832 0.041927
0.38672 0.042122
0.29339 0.041551
0.67245 0.041595
0.6805 0.04157
0.25268 0.041283
0.23815 0.040511
0.67873 0.04169
0.70458 0.042132
0.44178 0.042403
0.22043 0.041309
0.30025 0.04143
0.34241 0.040523
0.20196 0.040438
0.40624 0.042479
0.24315 0.040807
0.27358 0.041549
0.11583 0.040489
