142
0.95693 0.28234
0.95898 0.31829
0.95892 0.21989
0.95983 0.24081
0.95869 0.22088
0.9599 0.2661
0.95984 0.29912
0.95889 0.22359
0.9588 0.31258
0.957 0.27723
0.95705 0.30344
0.95858 0.37317
0.95935 0.35019
0.9589 0.31347
0.95982 0.28423
0.95916 0.33704
0.95887 0.31216
0.95959 0.23856
0.95841 0.32227
0.95701 0.17709
0.95748 0.13508
0.95929 0.24509
0.95983 0.24171
0.95966 0.28124
0.95965 0.27478
0.95987 0.37642
0.95922 0.32878
0.95889 0.32054
0.95834 0.32949
0.95863 0.3497
0.95926 0.3424
0.95926 0.35129
0.95968 0.28624
0.95938 0.35565
0.95975 0.16262
0.95955 0.28526
0.95879 0.34469
0.95954 0.24235
0.95928 0.24662
0.95699 0.2977
0.95692 0.28594
0.95754 0.071733
0.95961 0.24055
0.95704 0.29631
0.95981 0.21304
0.95859 0.23031
0.95702 0.29832
0.95979 0.24364
0.95988 0.21715
0.9584 0.33011
0.95929 0.25261
0.95936 0.25139
0.95872 0.31362
0.95974 0.26228
0.9575 0.15734
0.95979 0.18578
0.95974 0.17971
0.95705 0.1952
0.95716 0.18388
0.95995 0.27297
0.95924 0.24832
0.9571 0.1827
0.95981 0.21027
0.95866 0.23323
0.95877 0.22102
0.9572 0.17716
0.95709 0.16887
0.95965 0.20649
0.95704 0.21593
0.95706 0.18813
0.95726 0.16893
0.95967 0.26723
0.9593 0.24491
0.95853 0.29438
0.95712 0.18973
0.95998 0.30521
0.95702 0.30606
0.95691 0.12111
0.95952 0.2772
0.95703 0.19603
0.95979 0.14469
0.95745 0.16129
0.95705 0.19231
0.95719 0.19421
0.95919 0.29769
0.95979 0.23055
0.9597 0.23631
0.95949 0.24091
0.95741 0.13754
0.95747 0.13552
0.95987 0.23006
0.95944 0.25701
0.9571 0.15707
0.9571 0.16987
0.95774 0.14834
0.95735 0.16867
0.95994 0.14084
0.95731 0.16095
0.95877 0.23031
0.95972 0.26384
0.95914 0.32157
0.95713 0.10058
0.95969 0.27725
0.95988 0.30027
0.95945 0.24448
0.95943 0.24469
0.95727 0.16581
0.95709 0.16927
0.95964 0.23045
0.95867 0.23472
0.95959 0.26307
0.95976 0.20798
0.95691 0.19895
0.95714 0.18176
0.95988 0.2084
0.95974 0.16105
0.95745 0.15522
0.95983 0.20809
0.95743 0.16451
0.95742 0.14003
0.95718 0.15108
0.95728 0.14719
0.95745 0.084031
0.95737 0.089755
0.95701 0.10842
0.95952 0.25951
0.95929 0.23614
0.95961 0.20173
0.95988 0.21159
0.95852 0.30353
0.95738 0.114
0.95694 0.20405
0.95711 0.19847
0.9599 0.21476
0.95711 0.18691
0.95717 0.19569
0.95704 0.17435
0.95964 0.19418
0.95691 0.11025
0.95693 0.27925
0.95721 0.1926
0.9571 0.19881
