142
1 0.48704
1 0.5057
1 0.51979
1 0.47388
1 0.47556
1 0.47763
1 0.4829
1 0.48379
1 0.49036
1 0.48909
1 0.49827
1 0.49633
1 0.50926
1 0.5052
1 0.52113
1 0.51575
1 0.52872
1 0.5285
1 0.53809
1 0.54521
1 0.55841
1 0.47391
1 0.47474
0.9942 0.47717
0.99649 0.48641
1 0.48526
1 0.49501
1 0.48748
1 0.50442
1 0.50061
1 0.51143
1 0.50947
1 0.52769
1 0.52374
1 0.52832
1 0.53561
1 0.53458
1 0.54013
1 0.55027
1 0.54702
1 0.56364
1 0.56544
1 0.56825
1 0.56412
1 0.58146
0.94789 0.50336
0.92645 0.51489
0.96376 0.49449
0.98467 0.49927
0.92926 0.51325
0.93906 0.52649
0.97818 0.51437
1 0.51053
0.9539 0.53182
0.94646 0.54197
0.98619 0.53192
0.98875 0.54125
0.96572 0.5416
0.95697 0.56528
1 0.54027
0.99948 0.55266
0.9744 0.55891
0.98145 0.56367
1 0.563
1 0.56933
0.97438 0.58127
0.9734 0.59499
1 0.57045
1 0.5799
0.99226 0.59007
0.98333 0.60366
0.91872 0.52105
0.91814 0.52159
0.92372 0.5431
0.90926 0.53162
0.9134 0.55053
0.93013 0.54294
0.93536 0.5591
0.91746 0.55369
0.92728 0.56531
0.94001 0.56344
0.9489 0.56992
0.9313 0.57469
0.9364 0.5757
0.94516 0.57798
0.95028 0.58765
0.93883 0.58708
0.94931 0.59038
0.96353 0.59241
0.95908 0.60601
0.95309 0.599
0.94952 0.61098
0.96586 0.61224
0.97622 0.62362
0.9603 0.62193
0.96569 0.63108
0.97556 0.62425
0.97257 0.62681
0.90862 0.5359
0.9083 0.53829
0.90457 0.54175
0.88025 0.56168
0.91327 0.55736
0.91433 0.56889
0.90886 0.55788
0.90641 0.57608
0.91357 0.58451
0.91385 0.59264
0.90813 0.58063
0.90499 0.5932
0.93369 0.59198
0.92243 0.61208
0.90829 0.60691
0.91421 0.61144
0.93802 0.60659
0.93807 0.62176
0.9149 0.62243
0.91042 0.63263
0.93032 0.63339
0.94075 0.64064
0.89439 0.65153
0.92421 0.64424
0.8769 0.56452
0.85212 0.5878
0.89707 0.58038
0.8548 0.58476
0.84284 0.60247
0.89952 0.59254
0.9011 0.59655
0.83736 0.61809
0.83617 0.62352
0.90281 0.61009
0.9013 0.61966
0.86445 0.62366
0.84173 0.65015
0.8825 0.6374
0.86735 0.65667
0.84325 0.65154
0.8749 0.65562
0.83705 0.61936
0.83522 0.63422
0.8376 0.64442
