340
0.020981 0.022092
0.026916 0.034951
0.034975 0.022809
0.031177 0.042936
0.037338 0.042977
0.041935 0.021058
0.044471 0.031913
0.051628 0.028446
0.05651 0.043178
0.044036 0.043022
0.050915 0.043083
0.062702 0.023775
0.060575 0.043246
0.073444 0.022742
0.070676 0.043446
0.066818 0.043352
0.071044 0.043457
0.085888 0.022166
0.081997 0.043798
0.091397 0.024106
0.089411 0.044074
0.093634 0.044326
0.10005 0.025936
0.10455 0.044995
0.11174 0.026206
0.1127 0.045578
0.10434 0.044982
0.1091 0.045309
0.12048 0.028944
0.11656 0.045876
0.12868 0.025642
0.12545 0.046766
0.11633 0.045858
0.12902 0.047365
0.13517 0.030959
0.13799 0.035121
0.14135 0.022429
0.14485 0.051809
0.13788 0.049144
0.14201 0.050519
0.14922 0.031809
0.14839 0.03996
0.15735 0.021944
0.15629 0.043234
0.1486 0.053041
0.16082 0.030601
0.16072 0.049367
0.16778 0.031278
0.16538 0.049072
0.1727 0.038847
0.16961 0.048943
0.17611 0.023083
0.16551 0.059678
0.15678 0.063777
0.16921 0.058738
0.1789 0.024379
0.17236 0.058174
0.18222 0.037887
0.17659 0.058632
0.17158 0.058275
0.17554 0.058162
0.18676 0.024356
0.1781 0.060273
0.18911 0.04075
0.17915 0.062288
0.17871 0.06145
0.19443 0.033725
0.18104 0.066331
0.19489 0.043972
0.19208 0.054267
0.1811 0.066542
0.18092 0.068867
0.20246 0.033835
0.19387 0.054711
0.20415 0.035375
0.19458 0.06101
0.16612 0.079244
0.20883 0.030304
0.16301 0.080543
0.21069 0.031623
0.20202 0.058146
0.16346 0.080313
0.16215 0.081154
0.20998 0.043529
0.15481 0.082815
0.21496 0.038351
0.20601 0.064434
0.15736 0.082232
0.14929 0.084126
0.21629 0.040655
0.14391 0.085864
0.22046 0.031511
0.13994 0.088829
0.14159 0.087387
0.21962 0.048642
0.13787 0.091454
0.2212 0.051634
0.17237 0.087504
0.13589 0.094715
0.22334 0.046159
0.15806 0.09135
0.22618 0.037768
0.15482 0.092244
0.13303 0.099252
0.22494 0.052551
0.12601 0.10781
0.22836 0.036083
0.12576 0.11102
0.12583 0.10816
0.12533 0.10962
0.22784 0.051719
0.15448 0.095513
0.20617 0.079065
0.13007 0.11104
0.12633 0.11158
0.2311 0.050358
0.18687 0.0886
0.23449 0.040609
0.1549 0.099807
0.17048 0.09605
0.1889 0.092092
0.23617 0.026751
0.21636 0.075683
0.24777 0.024035
0.24309 0.031771
0.21536 0.076447
0.24327 0.043947
0.22377 0.073067
0.24934 0.04913
0.2091 0.082814
0.17234 0.098556
0.24993 0.049146
0.27515 0.030686
0.25126 0.053111
0.23327 0.068863
0.28492 0.032485
0.27489 0.033761
0.2609 0.049024
0.27546 0.039787
0.2708 0.041199
0.31227 0.031521
0.29635 0.020345
0.29223 0.021492
0.45983 0.020141
0.50057 0.020411
0.24964 0.030237
0.39393 0.021171
0.25647 0.033695
0.36207 0.022412
0.25636 0.033798
0.25592 0.035577
0.31813 0.023405
0.39841 0.022864
0.30099 0.026342
0.33675 0.024253
0.36069 0.023357
0.48781 0.022726
0.30285 0.028959
0.35558 0.025762
0.41696 0.024402
0.41526 0.02523
0.36511 0.027198
0.34689 0.028331
0.4607 0.024684
0.48165 0.025557
0.34329 0.028352
0.42398 0.027538
0.66328 0.020279
0.68797 0.021499
0.71946 0.02107
0.7345 0.02953
0.69969 0.023168
0.73738 0.03121
0.69287 0.024836
0.73267 0.0313
0.61357 0.022014
0.63808 0.023397
0.73234 0.031164
0.72421 0.030004
0.61255 0.022949
0.56565 0.022603
0.72535 0.031248
0.71409 0.030502
0.64009 0.025112
0.63733 0.026151
0.71691 0.032999
0.6643 0.02734
0.53544 0.024302
0.62429 0.028326
0.65013 0.028059
0.69842 0.0372
0.59153 0.026063
0.74974 0.022015
0.74057 0.03337
0.75646 0.036776
0.7527 0.050025
0.74469 0.036961
0.7515 0.047798
0.73654 0.033245
0.74199 0.039033
0.77065 0.073976
0.73933 0.038291
0.73928 0.040306
0.78074 0.080264
0.79745 0.08921
0.72271 0.034259
0.72855 0.041563
0.77263 0.077762
0.73778 0.048183
0.71053 0.037532
0.70836 0.041032
0.73802 0.057484
0.75926 0.024677
0.76044 0.049988
0.76321 0.033778
0.78677 0.078144
0.77421 0.072608
0.83017 0.097864
0.77859 0.079077
0.79691 0.088845
0.79692 0.089026
0.77251 0.077695
0.75554 0.069115
0.76646 0.047524
0.80761 0.088766
0.77167 0.056684
0.84857 0.10351
0.84105 0.10188
0.84971 0.10352
0.77789 0.063606
0.82782 0.092226
0.78664 0.070991
0.85554 0.10049
0.85235 0.10308
0.85581 0.10015
0.76959 0.039295
0.85652 0.097859
0.78404 0.063583
0.8004 0.077805
0.8565 0.09646
0.78087 0.057469
0.81113 0.082529
0.78702 0.063153
0.85027 0.089627
0.84922 0.088987
0.77365 0.028592
0.81224 0.079177
0.79154 0.062746
0.84467 0.085845
0.8465 0.087435
0.84473 0.08591
0.77771 0.025007
0.8437 0.084309
0.78969 0.05338
0.84254 0.082208
0.84338 0.08357
0.84269 0.082322
0.78327 0.036125
0.79919 0.063715
0.79055 0.046347
0.83066 0.077673
0.83696 0.080408
0.79125 0.037443
0.7976 0.053801
0.79124 0.030648
0.80431 0.058349
0.82845 0.076575
0.8265 0.074955
0.79565 0.029935
0.82202 0.071462
0.8037 0.043611
0.80799 0.056013
0.80275 0.030304
0.80932 0.054174
0.81004 0.040802
0.81947 0.06384
0.81876 0.064295
0.80891 0.029521
0.82068 0.062896
0.81278 0.028486
0.82417 0.062303
0.82053 0.063001
0.8246 0.062269
0.81948 0.029491
0.82778 0.061506
0.82499 0.03137
0.83174 0.060086
0.8311 0.060344
0.82784 0.024992
0.83703 0.056481
0.83721 0.026166
0.83575 0.037873
0.83547 0.057142
0.84096 0.055214
0.84508 0.027989
0.84418 0.053814
0.8517 0.026654
0.84979 0.036259
0.84506 0.053448
0.85033 0.051942
0.85491 0.02459
0.8586 0.049644
0.86353 0.024843
0.86452 0.048717
0.85931 0.049506
0.86808 0.048246
0.87197 0.02188
0.87089 0.047891
0.88123 0.029084
0.8784 0.046885
0.88004 0.04667
0.89354 0.024022
0.89279 0.034364
0.89762 0.023803
0.89579 0.045008
0.89253 0.045169
0.89781 0.044942
0.90563 0.022026
0.90639 0.044667
0.91847 0.02686
0.91575 0.044298
0.90701 0.044647
0.93054 0.02318
0.92942 0.032311
0.93961 0.027847
0.93514 0.03228
0.92931 0.04365
0.93405 0.043548
0.94951 0.02491
0.94933 0.043425
0.95538 0.028556
0.95275 0.043394
0.94935 0.043425
0.95203 0.043401
0.96892 0.026456
0.96584 0.043271
0.97528 0.025295
0.9741 0.032883
0.96251 0.043302
0.97189 0.04323
