340
0.025902 0.020348
0.046552 0.022769
0.090347 0.020938
0.037123 0.02606
0.046324 0.026382
0.11326 0.020362
0.10278 0.023857
0.13119 0.023023
0.072096 0.028498
0.056292 0.026991
0.06519 0.027606
0.1625 0.02233
0.075992 0.02946
0.17869 0.022644
0.080961 0.032922
0.079057 0.031291
0.081166 0.03306
0.18842 0.022729
0.096594 0.032123
0.19224 0.025101
0.11928 0.031163
0.13028 0.029643
0.19606 0.02735
0.15284 0.032437
0.20643 0.028064
0.15475 0.033613
0.15273 0.032389
0.1542 0.03316
0.20339 0.03163
0.1549 0.033949
0.21954 0.026241
0.15676 0.035097
0.15487 0.033929
0.15691 0.035586
0.21428 0.032335
0.19881 0.036698
0.23469 0.022284
0.15929 0.036716
0.15989 0.036184
0.16024 0.036354
0.23787 0.031455
0.20941 0.036943
0.25366 0.021357
0.22323 0.03582
0.16076 0.03677
0.2584 0.026935
0.21482 0.037669
0.26745 0.028858
0.23411 0.038311
0.26803 0.033496
0.25091 0.036048
0.27771 0.022366
0.1775 0.037882
0.13539 0.035402
0.19552 0.038719
0.28102 0.023333
0.22873 0.037959
0.27973 0.033584
0.25611 0.03735
0.22205 0.037904
0.24898 0.039084
0.29282 0.022336
0.26005 0.037058
0.287 0.034101
0.26255 0.037363
0.26137 0.037154
0.30822 0.026348
0.26766 0.038554
0.29692 0.031213
0.28375 0.039724
0.26771 0.038564
0.26216 0.037371
0.32651 0.026886
0.28526 0.039413
0.32888 0.027749
0.28554 0.040123
0.12997 0.036589
0.33905 0.025808
0.1091 0.036988
0.3427 0.02665
0.30374 0.034695
0.11265 0.036768
0.10268 0.036904
0.33576 0.032685
0.072913 0.033742
0.34906 0.030831
0.31237 0.037176
0.078691 0.037475
0.056542 0.031246
0.35141 0.032701
0.042646 0.031009
0.3594 0.025825
0.042369 0.033031
0.04006 0.032134
0.35548 0.036511
0.046206 0.033779
0.35707 0.036731
0.15468 0.037978
0.049796 0.034275
0.36092 0.032894
0.077894 0.037568
0.37164 0.026964
0.071156 0.034925
0.050078 0.034443
0.36252 0.034271
0.048224 0.034395
0.37877 0.026849
0.048129 0.034402
0.04813 0.034388
0.047868 0.034373
0.37306 0.031847
0.071607 0.035629
0.29807 0.040455
0.052475 0.034809
0.048555 0.034441
0.38555 0.034772
0.22896 0.038416
0.39266 0.034375
0.075183 0.036971
0.12493 0.036744
0.23749 0.039493
0.39406 0.02498
0.33151 0.038575
0.40873 0.02253
0.40094 0.02866
0.3285 0.039063
0.40151 0.036734
0.35267 0.038626
0.40714 0.037875
0.31091 0.038946
0.13081 0.03686
0.40894 0.037938
0.42293 0.028543
0.41094 0.038057
0.38035 0.033486
0.43819 0.033857
0.42445 0.031984
0.41579 0.034394
0.43471 0.034034
0.42179 0.035097
0.37818 0.037468
0.44548 0.020428
0.44167 0.0217
0.53025 0.020073
0.53865 0.02018
0.41072 0.025514
0.51037 0.022076
0.41519 0.025811
0.50268 0.023029
0.41513 0.025847
0.41459 0.026633
0.45951 0.024977
0.51116 0.024634
0.44656 0.029202
0.47143 0.025207
0.50064 0.023848
0.53606 0.021496
0.43825 0.03699
0.48736 0.02553
0.52034 0.024205
0.51786 0.025426
0.44983 0.037002
0.47182 0.03066
0.53114 0.022429
0.53367 0.023409
0.46511 0.032558
0.52559 0.025151
0.55626 0.021487
0.55969 0.025916
0.5728 0.021876
0.58728 0.0281
0.56211 0.029179
0.59191 0.028992
0.54721 0.03438
0.58556 0.029983
0.54844 0.023932
0.52422 0.034513
0.5852 0.030011
0.57303 0.033372
0.54799 0.02567
0.54411 0.021529
0.57285 0.034331
0.55958 0.036885
0.47469 0.038527
0.46365 0.039217
0.56298 0.03818
0.45029 0.040305
0.54229 0.021998
0.47836 0.037705
0.43721 0.040107
0.43487 0.039619
0.54593 0.025043
0.60394 0.021763
0.59839 0.030466
0.61749 0.029974
0.63546 0.039167
0.605 0.034861
0.63392 0.038756
0.59106 0.030417
0.60356 0.035793
0.6698 0.036848
0.59958 0.034074
0.60169 0.03601
0.69895 0.038522
0.79461 0.038725
0.57045 0.038657
0.57984 0.039513
0.67606 0.03664
0.60626 0.039491
0.50369 0.034533
0.45832 0.040155
0.61183 0.039313
0.61643 0.022372
0.6377 0.036004
0.63065 0.026673
0.71457 0.037817
0.67662 0.035275
0.90361 0.037363
0.69273 0.037659
0.77649 0.038302
0.77719 0.038179
0.67583 0.036684
0.63857 0.039072
0.64968 0.038019
0.81475 0.038751
0.66151 0.036516
0.94662 0.038187
0.93302 0.037155
0.94839 0.038238
0.68198 0.03306
0.89615 0.038533
0.71304 0.036947
0.95812 0.03925
0.95301 0.039289
0.95838 0.03926
0.64672 0.035461
0.95949 0.03927
0.70337 0.034468
0.79324 0.038332
0.95967 0.039268
0.6885 0.031418
0.82896 0.036365
0.71313 0.035109
0.95802 0.039156
0.95744 0.039093
0.64348 0.027223
0.82388 0.036053
0.733 0.038667
0.95465 0.038425
0.95529 0.038939
0.95456 0.038456
0.64725 0.02326
0.95313 0.03803
0.71476 0.032367
0.94644 0.035829
0.95153 0.037499
0.94714 0.035915
0.66785 0.025177
0.76144 0.038822
0.70765 0.030141
0.90249 0.036906
0.93126 0.036424
0.69673 0.026832
0.7447 0.03869
0.68662 0.023613
0.76945 0.038604
0.89169 0.038286
0.87907 0.039074
0.69847 0.024053
0.85959 0.03708
0.74425 0.037356
0.79063 0.036804
0.71538 0.024609
0.79135 0.036879
0.7524 0.037569
0.82339 0.033728
0.81973 0.034611
0.72829 0.025701
0.8291 0.034273
0.73332 0.026267
0.84748 0.036469
0.82843 0.034122
0.84914 0.036244
0.74171 0.028756
0.86212 0.036801
0.75209 0.030911
0.87473 0.039476
0.8732 0.039571
0.74962 0.024719
0.88088 0.038067
0.75963 0.025567
0.79976 0.038268
0.87827 0.03836
0.8881 0.034946
0.76995 0.026358
0.8937 0.032724
0.77709 0.025918
0.80717 0.035308
0.89577 0.033002
0.90431 0.034225
0.78045 0.024299
0.9089 0.033555
0.79149 0.024401
0.91634 0.032172
0.90942 0.033324
0.92224 0.031165
0.79946 0.022003
0.92652 0.031707
0.81927 0.025947
0.93357 0.031291
0.93534 0.031265
0.82405 0.022703
0.89634 0.026736
0.82976 0.02273
0.9515 0.033243
0.94748 0.031348
0.9548 0.034001
0.83953 0.021541
0.96184 0.03618
0.86718 0.024139
0.96316 0.035521
0.96195 0.036175
0.87854 0.021803
0.92432 0.025609
0.90843 0.02422
0.92972 0.02542
0.96548 0.034472
0.96703 0.034647
0.91405 0.022401
0.97222 0.034777
0.94073 0.02347
0.97301 0.034667
0.97222 0.034776
0.97285 0.034686
0.96173 0.0235
0.97626 0.034601
0.97213 0.023174
0.97456 0.027625
0.9754 0.034597
0.9778 0.034448
