340
0.024356 0.020471
0.040274 0.023066
0.088501 0.02084
0.032576 0.027701
0.039917 0.027103
0.11336 0.020317
0.10222 0.023577
0.13795 0.022361
0.066967 0.027663
0.049677 0.026658
0.059419 0.026809
0.17935 0.02177
0.071973 0.02841
0.19696 0.022016
0.079778 0.030702
0.076779 0.029669
0.080071 0.030779
0.21118 0.021821
0.097611 0.030486
0.21786 0.0234
0.12191 0.028695
0.13854 0.027336
0.22416 0.024734
0.16899 0.02856
0.23765 0.024826
0.17467 0.029486
0.16878 0.028532
0.17273 0.029138
0.23553 0.026836
0.17561 0.029723
0.26439 0.023337
0.1808 0.03052
0.17551 0.029707
0.18182 0.030808
0.25578 0.026304
0.23664 0.029392
0.29168 0.021107
0.188 0.032278
0.18734 0.031742
0.18835 0.032081
0.2992 0.02492
0.25007 0.029072
0.32689 0.021303
0.27379 0.027842
0.19083 0.033042
0.33106 0.027973
0.26252 0.029297
0.3388 0.029896
0.30155 0.028423
0.33898 0.03495
0.32805 0.034032
0.34816 0.022454
0.21049 0.034999
0.15947 0.031473
0.24312 0.031973
0.35126 0.023259
0.28965 0.029396
0.34907 0.033693
0.33233 0.038668
0.27609 0.029519
0.32884 0.036735
0.36428 0.022191
0.33512 0.040071
0.35616 0.033209
0.33646 0.04075
0.3359 0.040498
0.37928 0.026236
0.33867 0.041631
0.36813 0.030868
0.35005 0.040257
0.33869 0.041648
0.33635 0.04117
0.39766 0.026816
0.35173 0.039588
0.40001 0.027983
0.35142 0.042183
0.15179 0.031927
0.41029 0.026161
0.11413 0.034963
0.4131 0.027236
0.37377 0.034462
0.11809 0.034759
0.10634 0.035255
0.40781 0.033583
0.069978 0.031887
0.41909 0.033614
0.38143 0.037164
0.08176 0.035354
0.049826 0.030741
0.42146 0.036281
0.036813 0.033006
0.42623 0.029688
0.036857 0.035977
0.03503 0.035018
0.42505 0.042824
0.040392 0.036442
0.42604 0.044277
0.1894 0.035685
0.043402 0.036665
0.42814 0.041919
0.08159 0.036296
0.43228 0.033883
0.068444 0.033183
0.043621 0.037072
0.42904 0.045844
0.042164 0.037577
0.43545 0.032592
0.042088 0.037639
0.042087 0.03759
0.04188 0.037633
0.43255 0.044517
0.069516 0.034076
0.36665 0.040545
0.045383 0.037439
0.042442 0.037624
0.43687 0.044569
0.29781 0.030888
0.44086 0.041091
0.077129 0.036133
0.14039 0.032917
0.31695 0.033609
0.44523 0.027127
0.4034 0.042559
0.45576 0.02342
0.45055 0.031991
0.40094 0.04256
0.44606 0.044393
0.4226 0.045141
0.45066 0.044495
0.37869 0.041134
0.16313 0.034081
0.45175 0.043879
0.46628 0.034863
0.45269 0.044226
0.43479 0.046507
0.47544 0.046876
0.46714 0.040948
0.46047 0.041133
0.4732 0.046677
0.46576 0.044539
0.43807 0.065338
0.47711 0.020882
0.47532 0.023438
0.51533 0.020142
0.51982 0.02033
0.4574 0.027797
0.50537 0.024721
0.46146 0.029175
0.50203 0.027471
0.46141 0.029225
0.46094 0.030382
0.48403 0.030325
0.50577 0.030454
0.4789 0.039147
0.48948 0.031659
0.50129 0.029692
0.51848 0.022786
0.47537 0.051852
0.49667 0.033978
0.51028 0.028282
0.50911 0.030984
0.4823 0.053627
0.49251 0.043406
0.51582 0.024671
0.51721 0.026444
0.49011 0.046756
0.51287 0.030043
0.5295 0.023061
0.53115 0.03235
0.53675 0.023955
0.54313 0.037845
0.53201 0.039289
0.54487 0.039708
0.52568 0.05018
0.54186 0.042204
0.52534 0.027749
0.51568 0.050384
0.54168 0.042197
0.53602 0.049553
0.52514 0.031127
0.5229 0.02286
0.53581 0.051792
0.53078 0.059119
0.4988 0.058581
0.49115 0.058755
0.5321 0.062673
0.48268 0.059774
0.52186 0.023683
0.50114 0.057489
0.47517 0.060506
0.47417 0.061298
0.52393 0.029644
0.55172 0.023404
0.54696 0.042718
0.55599 0.04027
0.55283 0.060979
0.549 0.049503
0.55247 0.060934
0.54409 0.043727
0.54771 0.052236
0.57997 0.052562
0.54633 0.05085
0.54659 0.053879
0.60627 0.042502
0.70104 0.029726
0.53467 0.062482
0.53809 0.064873
0.58543 0.04933
0.54663 0.059818
0.51014 0.061188
0.48747 0.060029
0.54764 0.061287
0.55849 0.024689
0.56217 0.047256
0.564 0.032803
0.62444 0.040209
0.5872 0.046503
0.87156 0.031746
0.59997 0.043198
0.6819 0.031164
0.68293 0.030965
0.58515 0.049547
0.55798 0.053738
0.57025 0.05027
0.76909 0.032101
0.57662 0.051602
0.93906 0.033678
0.91626 0.034747
0.94278 0.033529
0.59161 0.040784
0.84948 0.03413
0.62207 0.038089
0.95833 0.037457
0.95037 0.034849
0.95878 0.03763
0.57133 0.044013
0.96015 0.038181
0.61049 0.036583
0.70181 0.029251
0.96039 0.038271
0.59619 0.037047
0.78633 0.033354
0.62083 0.035637
0.95814 0.037172
0.95712 0.036745
0.57274 0.030743
0.78157 0.032492
0.6379 0.040593
0.95295 0.03436
0.95382 0.035408
0.95282 0.034356
0.57604 0.025244
0.95087 0.033225
0.62096 0.032934
0.94043 0.031236
0.94872 0.032405
0.94172 0.031233
0.5857 0.030559
0.65815 0.040464
0.61365 0.031202
0.87492 0.0305
0.91644 0.033327
0.60387 0.028619
0.64619 0.040123
0.59634 0.0256
0.67793 0.029831
0.84292 0.034524
0.83103 0.036529
0.60513 0.024956
0.81554 0.036903
0.64666 0.036843
0.70515 0.027917
0.62006 0.02487
0.70782 0.027874
0.65516 0.035853
0.78256 0.030801
0.77824 0.030517
0.63258 0.025833
0.78831 0.031368
0.63811 0.026239
0.8075 0.034325
0.7876 0.031276
0.80905 0.034564
0.64609 0.028169
0.81803 0.035539
0.65674 0.029392
0.82836 0.034994
0.82669 0.035292
0.65527 0.024198
0.83889 0.033112
0.66712 0.024096
0.732 0.027581
0.83482 0.03379
0.85423 0.02969
0.68297 0.023481
0.8669 0.028529
0.69902 0.022704
0.75766 0.026965
0.87004 0.028435
0.88276 0.029044
0.70726 0.021894
0.89137 0.029136
0.72695 0.022233
0.90271 0.028711
0.89249 0.029045
0.9108 0.029
0.74359 0.020946
0.91648 0.029157
0.78074 0.024589
0.92491 0.02891
0.92696 0.028782
0.78613 0.022256
0.87498 0.024602
0.79251 0.022291
0.94993 0.029285
0.94447 0.02789
0.95416 0.030697
0.80472 0.021302
0.96315 0.034875
0.83395 0.023448
0.9645 0.034701
0.96327 0.034909
0.85071 0.021272
0.91482 0.024681
0.89358 0.022991
0.92123 0.024482
0.9667 0.034427
0.9681 0.035088
0.90147 0.021752
0.97285 0.036332
0.93406 0.022598
0.97358 0.03621
0.97285 0.036331
0.97344 0.036231
0.96342 0.023238
0.97657 0.036137
0.97288 0.023507
0.97508 0.028428
0.97577 0.036133
0.97798 0.035968
