340
0.055374 0.020016
0.28228 0.025645
0.29613 0.023223
0.27935 0.049987
0.18438 0.026911
0.30008 0.021965
0.23297 0.04052
0.25034 0.042002
0.11174 0.026734
0.15344 0.0411
0.14574 0.032965
0.28855 0.031853
0.097294 0.027329
0.3046 0.028551
0.082609 0.029445
0.081284 0.029671
0.083067 0.029359
0.31577 0.024738
0.071773 0.031776
0.29883 0.032994
0.065163 0.02904
0.050791 0.032957
0.28265 0.044089
0.046471 0.035579
0.29435 0.036755
0.046038 0.036213
0.04648 0.035552
0.046237 0.036007
0.2835 0.04168
0.046143 0.038698
0.34462 0.025507
0.055394 0.031144
0.046127 0.038495
0.0632 0.030447
0.31172 0.031301
0.29086 0.042553
0.36215 0.022727
0.14041 0.030992
0.1166 0.026931
0.12313 0.027148
0.36133 0.032444
0.31153 0.032773
0.37441 0.023098
0.30151 0.038612
0.14516 0.036949
0.362 0.041577
0.094938 0.027913
0.36839 0.040381
0.1442 0.036442
0.37507 0.039134
0.28772 0.051026
0.38698 0.023066
0.060711 0.033019
0.13666 0.02744
0.27012 0.045593
0.39063 0.023753
0.3446 0.031683
0.39109 0.032486
0.38099 0.038979
0.31321 0.034005
0.37946 0.039245
0.40082 0.022974
0.36453 0.043841
0.41543 0.030966
0.28801 0.038318
0.32244 0.031348
0.41999 0.028448
0.029764 0.026624
0.42239 0.039348
0.44213 0.054347
0.027559 0.026928
0.042955 0.0228
0.42535 0.035326
0.44152 0.0546
0.42332 0.037148
0.3522 0.037877
0.24873 0.035511
0.42996 0.035452
0.24594 0.035218
0.42916 0.037807
0.40283 0.035509
0.24795 0.035344
0.23769 0.034914
0.45001 0.059091
0.26375 0.030799
0.44294 0.052192
0.35186 0.040178
0.24807 0.034967
0.27833 0.038504
0.4542 0.059411
0.27211 0.027108
0.43905 0.043718
0.25001 0.023822
0.25907 0.024198
0.47569 0.03615
0.2201 0.020896
0.47123 0.040221
0.22603 0.034666
0.076473 0.020641
0.47834 0.047222
0.26896 0.027471
0.462 0.051844
0.26473 0.025833
0.22786 0.028493
0.49649 0.037518
0.22382 0.02562
0.46058 0.053012
0.086472 0.021526
0.22401 0.025555
0.19172 0.020793
0.48109 0.050398
0.24689 0.024621
0.40251 0.035127
0.052732 0.022568
0.057065 0.022228
0.32094 0.041645
0.2361 0.033669
0.42791 0.048757
0.17377 0.027126
0.23432 0.023074
0.15993 0.031479
0.44709 0.051612
0.046936 0.023575
0.44721 0.034836
0.46726 0.037314
0.025633 0.02648
0.40306 0.040275
0.49689 0.038758
0.41603 0.040988
0.14496 0.023166
0.2241 0.021848
0.41997 0.042873
0.45604 0.027885
0.33496 0.043509
0.30638 0.047843
0.46805 0.029512
0.45654 0.030152
0.4923 0.031715
0.46037 0.034
0.45576 0.035269
0.50553 0.052949
0.47308 0.02031
0.46823 0.021233
0.52683 0.02113
0.52807 0.020312
0.4588 0.045636
0.51802 0.021352
0.45831 0.042777
0.50444 0.024777
0.45852 0.042425
0.46205 0.03821
0.49301 0.025741
0.52201 0.025972
0.48762 0.027087
0.50477 0.034449
0.50655 0.026261
0.52886 0.025433
0.51038 0.045359
0.50814 0.03273
0.52522 0.042469
0.5257 0.045445
0.51022 0.031947
0.50385 0.04871
0.52828 0.044504
0.52779 0.023151
0.5029 0.052433
0.52708 0.044828
0.53965 0.024311
0.53998 0.030135
0.59111 0.021053
0.58258 0.053181
0.54341 0.024988
0.57348 0.051656
0.54619 0.045561
0.57953 0.052453
0.53221 0.029388
0.53701 0.056206
0.57929 0.052325
0.58504 0.030221
0.53315 0.029896
0.53083 0.040893
0.58016 0.031121
0.55177 0.021343
0.52034 0.05472
0.52286 0.054788
0.55643 0.021384
0.51486 0.053654
0.53114 0.0492
0.54232 0.047486
0.42603 0.047235
0.49365 0.055147
0.53211 0.045286
0.60376 0.026593
0.56161 0.043658
0.52447 0.057538
0.42384 0.045733
0.54442 0.056568
0.4141 0.040556
0.56759 0.047428
0.55519 0.043879
0.94972 0.031287
0.55311 0.035547
0.55233 0.033879
0.79824 0.025317
0.74127 0.036511
0.58221 0.026056
0.58023 0.028254
0.91452 0.034625
0.55939 0.030099
0.54891 0.044125
0.52202 0.05628
0.55749 0.027828
0.60396 0.030101
0.48791 0.052672
0.57326 0.046731
0.77407 0.025387
0.92724 0.026254
0.8639 0.023324
0.81672 0.029185
0.74021 0.035595
0.74047 0.03595
0.85891 0.032421
0.39703 0.040879
0.4833 0.053082
0.74071 0.03111
0.44107 0.059805
0.95233 0.026053
0.95002 0.026407
0.95183 0.026121
0.41918 0.043048
0.75904 0.025051
0.585 0.044579
0.93525 0.024754
0.94954 0.026366
0.93328 0.02391
0.58465 0.051445
0.87009 0.023076
0.5661 0.050862
0.88984 0.030756
0.81927 0.026834
0.60489 0.049788
0.73619 0.027961
0.63895 0.053275
0.78523 0.020989
0.81869 0.024165
0.60734 0.034769
0.81684 0.029912
0.58792 0.044336
0.83664 0.022555
0.82879 0.025827
0.83664 0.022575
0.61667 0.027687
0.8256 0.024454
0.59645 0.044879
0.74022 0.027043
0.79635 0.020631
0.74137 0.026639
0.60307 0.040395
0.64986 0.044608
0.60846 0.044022
0.86556 0.035882
0.7642 0.026019
0.61656 0.040874
0.62681 0.040822
0.62315 0.035252
0.66438 0.039617
0.86717 0.036754
0.87683 0.032082
0.62995 0.033438
0.92373 0.026529
0.64459 0.043919
0.67862 0.039682
0.63722 0.03388
0.68451 0.041122
0.65203 0.037721
0.96699 0.034273
0.96747 0.034361
0.64132 0.031793
0.96093 0.034847
0.6437 0.030178
0.95404 0.037387
0.96239 0.034555
0.95351 0.037639
0.65337 0.030475
0.94217 0.038749
0.66433 0.032581
0.92617 0.030567
0.92824 0.03132
0.65653 0.026397
0.9222 0.030118
0.66556 0.028189
0.70716 0.050637
0.92208 0.031097
0.93395 0.034385
0.68148 0.032514
0.93609 0.035637
0.68455 0.03291
0.72597 0.039369
0.93655 0.035913
0.94976 0.038411
0.68014 0.028717
0.94982 0.03791
0.68745 0.032771
0.94834 0.037793
0.94975 0.037876
0.9435 0.038039
0.68374 0.024798
0.93379 0.033311
0.71915 0.047586
0.9189 0.031855
0.92099 0.033586
0.69516 0.034069
0.77334 0.027815
0.69562 0.033277
0.87752 0.040111
0.87418 0.040364
0.88499 0.038649
0.69527 0.026705
0.89858 0.037608
0.70791 0.044241
0.87758 0.036956
0.8987 0.037551
0.70276 0.030213
0.73009 0.038604
0.71473 0.043199
0.72485 0.034937
0.82192 0.039114
0.81241 0.036831
0.7089 0.032914
0.74549 0.041782
0.71313 0.033698
0.73851 0.043201
0.74539 0.041852
0.73948 0.043788
0.73565 0.021103
0.74331 0.023146
0.89409 0.020114
0.86693 0.020306
0.72997 0.024428
0.86098 0.020566
