340
0.023814 0.020538
0.03742 0.023897
0.073219 0.021116
0.031065 0.029085
0.037255 0.028995
0.092172 0.020418
0.083446 0.024636
0.10753 0.023697
0.057039 0.030203
0.044758 0.029346
0.05148 0.029514
0.13391 0.022916
0.060907 0.031027
0.14629 0.023081
0.066209 0.03459
0.064208 0.032792
0.06641 0.034748
0.15517 0.022976
0.078653 0.034293
0.15862 0.025521
0.097011 0.033197
0.10659 0.031614
0.16227 0.027905
0.12532 0.034422
0.17167 0.029052
0.12702 0.036048
0.12522 0.034379
0.12653 0.035414
0.16866 0.032677
0.12716 0.036473
0.1829 0.027709
0.12882 0.038142
0.12714 0.036443
0.12896 0.038738
0.17865 0.03463
0.16402 0.038179
0.19497 0.022648
0.13103 0.040349
0.13154 0.039768
0.13183 0.039997
0.19745 0.032924
0.17373 0.039315
0.21319 0.021391
0.18548 0.039861
0.13227 0.040538
0.21787 0.027097
0.17891 0.040993
0.22632 0.02917
0.19398 0.041268
0.22682 0.03395
0.2098 0.036205
0.23649 0.022454
0.14461 0.041318
0.10987 0.038994
0.16073 0.040504
0.2397 0.023515
0.18985 0.041989
0.23874 0.034222
0.21503 0.037758
0.18448 0.042515
0.20745 0.039313
0.25026 0.022517
0.21916 0.037446
0.24545 0.035427
0.22143 0.037884
0.22045 0.037627
0.26493 0.026738
0.22616 0.039186
0.25379 0.032005
0.24268 0.041368
0.22621 0.039199
0.2211 0.037881
0.28157 0.027374
0.24407 0.041221
0.28378 0.02863
0.24437 0.042281
0.10525 0.040096
0.29272 0.027058
0.088306 0.039769
0.29523 0.028151
0.26046 0.035639
0.090558 0.039455
0.083157 0.040194
0.29094 0.035165
0.059391 0.03629
0.30018 0.033454
0.26772 0.038777
0.065881 0.03991
0.045782 0.034974
0.3021 0.035227
0.03512 0.035896
0.30917 0.026426
0.035174 0.038837
0.033505 0.037818
0.30479 0.038717
0.038154 0.03938
0.30567 0.038756
0.12704 0.041198
0.041152 0.039584
0.30928 0.034273
0.065354 0.040185
0.32071 0.026803
0.058207 0.037842
0.04143 0.039793
0.31018 0.035964
0.03987 0.040004
0.32802 0.025976
0.039793 0.04003
0.03979 0.040009
0.039575 0.040026
0.32035 0.031578
0.058841 0.038615
0.25419 0.042397
0.043452 0.040017
0.040151 0.040026
0.33255 0.031267
0.19001 0.042571
0.34158 0.030012
0.06278 0.039927
0.10103 0.040327
0.19652 0.042427
0.34837 0.023425
0.28725 0.041595
0.36943 0.021811
0.3595 0.026187
0.28402 0.041206
0.35252 0.031613
0.30276 0.04299
0.36008 0.032343
0.26627 0.041142
0.10579 0.040949
0.36222 0.032331
0.38864 0.026516
0.36439 0.032568
0.32677 0.03176
0.40675 0.030066
0.38913 0.029106
0.37541 0.030686
0.40207 0.030603
0.38456 0.031221
0.32018 0.037654
0.41828 0.020306
0.41266 0.021216
0.5265 0.020065
0.53598 0.020154
0.37201 0.024052
0.50391 0.021797
0.37886 0.024477
0.49501 0.022542
0.37878 0.024503
0.37789 0.02509
0.43814 0.02375
0.50481 0.024023
0.42006 0.026583
0.45362 0.023866
0.49251 0.023201
0.53306 0.021296
0.40529 0.032266
0.47585 0.024212
0.51533 0.023702
0.5125 0.024769
0.4229 0.03183
0.45415 0.027901
0.52751 0.022148
0.53037 0.022983
0.44524 0.029408
0.52124 0.024552
0.55742 0.021132
0.56224 0.024357
0.58138 0.02127
0.60243 0.026118
0.56564 0.026606
0.60836 0.026815
0.54639 0.031869
0.59994 0.027379
0.5478 0.023213
0.5197 0.032813
0.59938 0.027368
0.58227 0.02904
0.54725 0.024653
0.54255 0.02128
0.5822 0.029677
0.56252 0.032416
0.45674 0.033443
0.4411 0.034318
0.56756 0.032854
0.42205 0.033977
0.54034 0.021686
0.46281 0.032718
0.40236 0.034613
0.39881 0.034603
0.54476 0.024188
0.62401 0.021324
0.61616 0.028105
0.64159 0.029062
0.6568 0.03864
0.6277 0.030958
0.65565 0.038381
0.60747 0.027916
0.62643 0.031717
0.69801 0.038796
0.61952 0.030757
0.624 0.032025
0.72567 0.03889
0.80635 0.040205
0.57909 0.032535
0.59495 0.033376
0.70251 0.037938
0.63169 0.03462
0.4962 0.032244
0.43268 0.034605
0.63804 0.035757
0.64033 0.02212
0.65987 0.034443
0.65397 0.026557
0.73963 0.041352
0.70273 0.036414
0.90944 0.040778
0.71854 0.037591
0.79169 0.041189
0.79233 0.041033
0.70234 0.038001
0.66028 0.037579
0.67791 0.036194
0.82793 0.038982
0.69101 0.037507
0.94401 0.037744
0.93071 0.039229
0.94617 0.037535
0.70709 0.033784
0.90371 0.040991
0.73818 0.039771
0.95733 0.038844
0.95141 0.038254
0.95764 0.038889
0.67296 0.032935
0.95897 0.039042
0.72954 0.03544
0.80548 0.03999
0.9592 0.039064
0.71339 0.031511
0.83931 0.03835
0.73793 0.037617
0.95723 0.038725
0.95657 0.038585
0.66871 0.025969
0.83546 0.037594
0.75423 0.040924
0.9535 0.037594
0.95413 0.038162
0.9534 0.037614
0.67335 0.022761
0.95187 0.037059
0.73885 0.034706
0.94461 0.0355
0.95015 0.036589
0.94542 0.035481
0.69396 0.025785
0.77855 0.042384
0.73253 0.031137
0.9086 0.039772
0.92956 0.038565
0.72161 0.026759
0.76527 0.040593
0.71126 0.023654
0.78525 0.041473
0.89883 0.04012
0.88646 0.04068
0.72336 0.024091
0.8673 0.037857
0.76472 0.039052
0.80355 0.038881
0.73878 0.025514
0.80412 0.038811
0.77194 0.04058
0.83525 0.034976
0.83233 0.035255
0.74918 0.02668
0.83973 0.035778
0.75374 0.027071
0.85551 0.037299
0.83919 0.03566
0.85723 0.037043
0.76166 0.029529
0.86981 0.037649
0.77109 0.032781
0.88215 0.040652
0.88083 0.040641
0.76872 0.025453
0.88837 0.039741
0.77704 0.026674
0.81109 0.038779
0.88562 0.039757
0.89528 0.036235
0.78566 0.027371
0.90055 0.034116
0.79204 0.026885
0.81937 0.034531
0.9027 0.034532
0.90982 0.036841
0.79491 0.025002
0.9133 0.036557
0.80428 0.024928
0.91871 0.034697
0.91369 0.036252
0.92365 0.033337
0.81145 0.022072
0.92718 0.03344
0.83204 0.026193
0.93329 0.032475
0.93485 0.032254
0.83617 0.022975
0.90297 0.027557
0.84115 0.023011
0.95122 0.032572
0.94728 0.031057
0.95464 0.033428
0.85027 0.021631
0.96206 0.036179
0.87592 0.024494
0.96343 0.035642
0.96217 0.036185
0.88654 0.021964
0.92612 0.02662
0.91312 0.025154
0.93083 0.026208
0.9658 0.034783
0.96729 0.035093
0.91749 0.022927
0.97236 0.035526
0.94072 0.023606
0.97315 0.03541
0.97237 0.035525
0.97299 0.03543
0.96261 0.023505
0.97634 0.035341
0.97251 0.023334
0.97482 0.028012
0.97549 0.035337
0.97784 0.03518
