142
0.88339 0.041873
0.88075 0.040133
0.88281 0.041264
0.86038 0.041778
0.85406 0.040767
0.8902 0.042188
0.88525 0.041475
0.85796 0.041689
0.85632 0.041416
0.88273 0.04069
0.881 0.042122
0.85427 0.041538
0.85169 0.040769
0.88074 0.042162
0.89098 0.040861
0.85366 0.040599
0.85144 0.041528
0.88562 0.040042
0.85698 0.040572
0.89343 0.042427
0.85801 0.04075
0.86897 0.042275
0.85771 0.04161
0.87297 0.04133
0.87686 0.04236
0.86075 0.041809
0.86451 0.042033
0.87152 0.041192
0.87376 0.040122
0.86534 0.041577
0.86361 0.042009
0.87197 0.041271
0.87788 0.041347
0.86492 0.041661
0.86398 0.040031
0.87687 0.04045
0.87358 0.040006
0.8671 0.042202
0.86801 0.040635
0.87206 0.040763
0.87794 0.042419
0.86423 0.040065
0.86688 0.041917
0.87217 0.042129
0.87791 0.041026
0.88655 0.042058
0.8517 0.041663
0.88283 0.040127
0.88236 0.040684
0.84868 0.041702
0.84729 0.040124
0.88598 0.041839
0.88111 0.042067
0.8457 0.042119
0.84916 0.040994
0.88684 0.041267
0.88706 0.040689
0.84547 0.042049
0.85146 0.041342
0.8809 0.040143
0.88538 0.041085
0.84633 0.041047
0.84554 0.040931
0.88494 0.04101
0.8831 0.042168
0.84967 0.040678
0.85169 0.042361
0.88038 0.041208
0.88175 0.042224
0.84525 0.042379
0.85058 0.041288
0.859 0.041741
0.85947 0.041754
0.85947 0.040887
0.86845 0.042254
0.87171 0.040725
0.85547 0.041351
0.85748 0.040133
0.8691 0.0412
0.86725 0.041674
0.85656 0.041183
0.85511 0.041049
0.87047 0.041639
0.86736 0.041643
0.86015 0.040511
0.86158 0.041034
0.87193 0.040899
0.86485 0.041149
0.85489 0.041386
0.86163 0.042024
0.86459 0.040664
0.87131 0.040669
0.86037 0.040088
0.86066 0.041424
0.87014 0.041259
0.87071 0.041153
0.86156 0.041408
0.86572 0.041309
0.87628 0.040937
0.88206 0.04172
0.88503 0.040033
0.84574 0.041729
0.87471 0.041275
0.87686 0.041363
0.88481 0.041237
0.84033 0.041475
0.88061 0.041481
0.8818 0.042259
0.8387 0.04161
0.84304 0.041418
0.87452 0.041334
0.88024 0.041494
0.84067 0.041422
0.88445 0.040838
0.8747 0.042059
0.87645 0.041542
0.88622 0.040062
0.84209 0.040801
0.88146 0.041872
0.87928 0.040863
0.84548 0.040813
0.88468 0.041718
0.84689 0.040131
0.85614 0.041761
0.84566 0.041455
0.8549 0.041451
0.86172 0.042218
0.84644 0.040935
0.84612 0.041749
0.86563 0.041559
0.86641 0.041534
0.846 0.041692
0.84699 0.04118
0.85721 0.040776
0.86325 0.041972
0.85187 0.040629
0.85311 0.040506
0.86245 0.042375
0.85099 0.041112
0.86584 0.04218
0.86692 0.040123
0.86551 0.040924
