73
0.035 0.9185
0.05877 0.92662
0.077846 0.17613
0.10635 0.21438
0.14007 0.22339
0.16088 0.20194
0.17693 0.21184
0.19019 0.20534
0.20809 0.21382
0.2221 0.21875
0.24159 0.21179
0.25509 0.20865
0.26906 0.21458
0.2966 0.21677
0.30289 0.22286
0.32827 0.22121
0.34577 0.223
0.35604 0.22002
0.37521 0.21009
0.39271 0.19946
0.41454 0.21398
0.42048 0.22274
0.45853 0.21607
0.4643 0.22862
0.46258 0.19907
0.47288 0.22828
0.48914 0.21946
0.49834 0.22512
0.47399 0.13108
0.47991 0.2461
0.48804 0.19256
0.4896 0.28622
0.46396 0.19338
0.47163 0.184
0.49543 0.15904
0.49219 0.23494
0.50327 0.2118
0.51843 0.21045
0.50732 0.51825
0.51457 0.15768
0.50169 0.19011
0.52768 0.13521
0.53575 0.1279
0.50648 0.1584
0.5123 0.1938
0.53568 0.42144
0.52585 0.17613
0.50191 0.15437
0.54804 0.19822
0.55359 0.20155
0.53739 0.36559
0.53132 0.15217
0.58804 0.23512
0.61107 0.2022
0.62902 0.20941
0.63775 0.22478
0.65167 0.22856
0.6738 0.20247
0.68787 0.20928
0.71322 0.22699
0.7299 0.22208
0.75581 0.20574
0.78036 0.19413
0.79306 0.2024
0.80333 0.21603
0.83075 0.21648
0.84306 0.212
0.85597 0.20331
0.88041 0.34789
0.90428 0.93249
0.92352 0.92352
0.94752 0.93209
0.95546 0.93197
