679
0.84106 0.040164
0.83382 0.040213
0.86962 0.040111
0.84298 0.040243
0.88789 0.040207
0.89544 0.040218
0.89833 0.040257
0.89656 0.040154
0.88865 0.040244
0.87866 0.040116
0.88386 0.040206
0.90269 0.040119
0.90969 0.040233
0.85944 0.040187
0.86923 0.040287
0.8698 0.0401
0.86258 0.040184
0.83134 0.040164
0.84308 0.040165
0.82816 0.040176
0.82809 0.040219
0.86799 0.040193
0.83184 0.04019
0.83776 0.040235
0.84365 0.040263
0.82793 0.040211
0.81513 0.040114
0.84929 0.040179
0.83774 0.040214
0.83716 0.04027
0.93596 0.040215
0.8786 0.040176
0.88232 0.040127
0.92073 0.040168
0.93587 0.040171
0.88206 0.040224
0.86052 0.040107
0.89592 0.040162
0.90169 0.040136
0.86396 0.040077
0.83984 0.04017
0.83957 0.040172
0.85559 0.040086
0.81806 0.040156
0.83415 0.040206
0.84369 0.040173
0.89684 0.04026
0.74895 0.040183
0.76241 0.040196
0.87022 0.040118
0.83199 0.040175
0.82023 0.040133
0.79135 0.040306
0.86621 0.040074
0.85978 0.040092
0.84775 0.040201
0.85519 0.040182
0.77544 0.040205
0.84035 0.040211
0.89531 0.04019
0.81619 0.040188
0.85855 0.0402
0.85235 0.040163
0.82644 0.040243
0.83178 0.040169
0.82439 0.04016
0.83339 0.040258
0.83464 0.040121
0.88385 0.040126
0.92063 0.040237
0.92367 0.04018
0.88292 0.040215
0.88723 0.040238
0.89748 0.040255
0.88628 0.040147
0.86972 0.040153
0.86171 0.040197
0.88151 0.040131
0.86972 0.04009
0.84601 0.040169
0.83827 0.04016
0.87115 0.040147
0.84882 0.040172
0.83252 0.040145
0.84989 0.040303
0.84561 0.040266
0.82802 0.040218
0.818 0.040219
0.76948 0.04016
0.87024 0.040139
0.81718 0.040154
0.79599 0.040116
0.7973 0.040136
0.84353 0.040166
0.83929 0.040208
0.7776 0.040149
0.80241 0.040091
0.82404 0.040186
0.81654 0.040113
0.80329 0.040103
0.81161 0.040171
0.84459 0.040168
0.82242 0.040115
0.77939 0.040127
0.74682 0.040186
0.81557 0.040103
0.80503 0.040301
0.84689 0.040205
0.83453 0.040241
0.81961 0.040114
0.85226 0.040164
0.84318 0.040274
0.84722 0.040212
0.82052 0.040135
0.91175 0.040264
0.87801 0.040151
0.92616 0.040202
0.92328 0.040334
0.87837 0.04021
0.91345 0.040181
0.93716 0.040245
0.937 0.040242
0.84736 0.040079
0.83548 0.04013
0.91912 0.040163
0.9201 0.040134
0.90905 0.040163
0.834 0.040259
0.88934 0.040224
0.90539 0.040117
0.77637 0.040244
0.8723 0.040126
0.85422 0.040161
0.89898 0.040281
0.73113 0.040169
0.77733 0.040225
0.88066 0.04021
0.847 0.040182
0.83976 0.040137
0.71281 0.040208
0.84887 0.040273
0.86949 0.040097
0.67105 0.040155
0.72336 0.040134
0.8301 0.040179
0.83989 0.040202
0.71611 0.040192
0.73287 0.04034
0.85368 0.040181
0.85623 0.040158
0.71797 0.040254
0.83969 0.040259
0.85602 0.040178
0.81428 0.040191
0.78023 0.040163
0.82463 0.040198
0.81589 0.040138
0.84096 0.040172
0.84213 0.04013
0.79645 0.04013
0.81984 0.040131
0.82058 0.04015
0.7979 0.040108
0.80318 0.040107
0.82481 0.040153
0.79889 0.040523
0.86369 0.040273
0.92977 0.040137
0.91041 0.040157
0.81504 0.040211
0.85846 0.04029
0.91493 0.040174
0.88217 0.040126
0.84758 0.040148
0.82661 0.040177
0.87191 0.040276
0.8779 0.040158
0.83025 0.040189
0.84065 0.040218
0.85772 0.040178
0.89998 0.040136
0.86177 0.040105
0.91612 0.040176
0.82093 0.040129
0.73081 0.040166
0.68467 0.040173
0.71996 0.040165
0.87965 0.040196
0.81197 0.040188
0.67582 0.040207
0.70813 0.040223
0.84162 0.040169
0.86914 0.040268
0.73917 0.040137
0.74417 0.04017
0.79286 0.040305
0.84049 0.040248
0.63957 0.04019
0.66393 0.040304
0.79153 0.040099
0.84827 0.040101
0.71253 0.040186
0.70123 0.040194
0.82552 0.040121
0.79377 0.040131
0.66469 0.040298
0.77498 0.04013
0.78805 0.040048
0.77264 0.040147
0.66008 0.040295
0.75334 0.040233
0.76651 0.040205
0.71743 0.040181
0.73265 0.04035
0.66234 0.040194
0.78864 0.040304
0.7579 0.040129
0.78663 0.040041
0.80011 0.040048
0.78542 0.040155
0.82872 0.040106
0.86417 0.040128
0.95034 0.04034
0.90357 0.040215
0.89841 0.040274
0.86664 0.040181
0.88187 0.040192
0.88088 0.040144
0.92372 0.040166
0.91947 0.040156
0.87274 0.040131
0.85196 0.040156
0.89109 0.040126
0.83694 0.04016
0.79812 0.04031
0.86257 0.040096
0.85345 0.040171
0.80215 0.040113
0.79607 0.040088
0.86636 0.040191
0.86763 0.04015
0.79424 0.040084
0.81533 0.040146
0.81174 0.040159
0.86944 0.040101
0.83488 0.040211
0.76127 0.0403
0.86484 0.040081
0.86358 0.040281
0.85808 0.040195
0.7386 0.040326
0.77139 0.040166
0.84126 0.040085
0.84217 0.040207
0.80982 0.040107
0.85379 0.040093
0.82495 0.040233
0.84317 0.040102
0.774 0.040182
0.66099 0.040196
0.82302 0.040168
0.79165 0.040269
0.77702 0.040249
0.84066 0.040167
0.81441 0.04014
0.65548 0.04015
0.66442 0.040162
0.71065 0.040193
0.72299 0.04014
0.77125 0.040215
0.77931 0.040295
0.80349 0.040152
0.82859 0.040151
0.75898 0.040233
0.7648 0.040245
0.80367 0.040079
0.83794 0.040195
0.82161 0.040126
0.85318 0.040306
0.95988 0.041011
0.75246 0.040179
0.69347 0.040142
0.82024 0.040228
0.80983 0.040147
0.67018 0.040202
0.6927 0.040146
0.86049 0.040298
0.88241 0.040177
0.73114 0.040122
0.90137 0.040125
0.82284 0.040221
0.76439 0.040286
0.92731 0.040174
0.91641 0.040164
0.91466 0.04027
0.86362 0.040165
0.91275 0.040153
0.86766 0.040303
0.83753 0.040232
0.57773 0.040182
0.89002 0.040193
0.85995 0.040284
0.73932 0.040348
0.66902 0.040324
0.89702 0.040222
0.84353 0.040162
0.78652 0.040149
0.76369 0.040189
0.8485 0.040267
0.86479 0.04029
0.65064 0.040203
0.64794 0.040231
0.82661 0.040242
0.83249 0.040182
0.70989 0.040144
0.86149 0.040194
0.85364 0.040178
0.85258 0.040258
0.63226 0.040241
0.64705 0.040172
0.83245 0.040166
0.82255 0.040259
0.687 0.040206
0.68339 0.040201
0.8337 0.040163
0.83259 0.040177
0.71911 0.040259
0.79185 0.040159
0.83628 0.040206
0.81525 0.040179
0.8161 0.040103
0.75018 0.04013
0.83699 0.040148
0.80187 0.040125
0.7874 0.040237
0.81939 0.040128
0.81229 0.040172
0.81398 0.040155
0.79834 0.040136
0.80942 0.040146
0.70016 0.040191
0.79609 0.040318
0.67039 0.040211
0.6883 0.040143
0.68177 0.040322
0.82181 0.040223
0.87283 0.040133
0.80847 0.040102
0.95987 0.040306
0.88841 0.040167
0.86344 0.040072
0.78583 0.040231
0.83473 0.040142
0.87645 0.040106
0.90687 0.040139
0.85914 0.040075
0.85965 0.040159
0.80033 0.040333
0.82058 0.040155
0.76555 0.040266
0.85396 0.040172
0.84767 0.040167
0.75574 0.040192
0.89178 0.040158
0.85484 0.040293
0.74318 0.040169
0.81725 0.040151
0.69254 0.040256
0.80355 0.040167
0.84967 0.040102
0.81288 0.040196
0.78174 0.04022
0.68806 0.040239
0.81685 0.04017
0.83596 0.040191
0.66892 0.040307
0.80579 0.040525
0.83639 0.040148
0.81952 0.040163
0.78626 0.040178
0.72245 0.040184
0.79358 0.040308
0.80069 0.040139
0.7094 0.040177
0.69346 0.040138
0.80119 0.040052
0.75077 0.040313
0.66752 0.040179
0.67123 0.040272
0.758 0.040327
0.75748 0.040203
0.66425 0.040167
0.67399 0.040176
0.71527 0.040196
0.72614 0.040232
0.84777 0.040268
0.6868 0.040171
0.72429 0.040143
0.69772 0.040144
0.67738 0.040173
0.79112 0.040115
0.70049 0.040205
0.54004 0.040324
0.7921 0.040131
0.70776 0.040185
0.78403 0.040237
0.8984 0.040172
0.87241 0.040159
0.90316 0.040133
0.90388 0.040157
0.88544 0.040111
0.89539 0.040257
0.89109 0.040168
0.88549 0.0402
0.86489 0.040119
0.70263 0.040151
0.87681 0.040116
0.8879 0.040161
0.87374 0.040187
0.85947 0.040085
0.6224 0.040125
0.92162 0.040201
0.85994 0.040268
0.87026 0.040128
0.8646 0.040174
0.82928 0.040185
0.87389 0.040086
0.88006 0.0402
0.57806 0.040247
0.84719 0.040191
0.84194 0.040281
0.73758 0.040175
0.85053 0.040296
0.84918 0.040201
0.83665 0.040219
0.84044 0.04011
0.71959 0.04021
0.83393 0.0401
0.83358 0.040184
0.83268 0.040158
0.54366 0.040148
0.81709 0.040143
0.80339 0.040299
0.83568 0.040141
0.82276 0.040206
0.83088 0.040183
0.82426 0.040154
0.5865 0.040164
0.63319 0.040169
0.81035 0.040116
0.76099 0.040287
0.7685 0.040261
0.74583 0.040168
0.78047 0.040342
0.71412 0.040202
0.7361 0.040128
0.81785 0.040211
0.66149 0.040198
0.75924 0.040323
0.74463 0.040212
0.94483 0.040257
0.89022 0.040235
0.6031 0.04026
0.85697 0.040176
0.89572 0.04014
0.85308 0.040202
0.84578 0.040156
0.78058 0.04022
0.85352 0.040203
0.84773 0.040139
0.89962 0.040247
0.79504 0.040288
0.81808 0.040171
0.82373 0.040128
0.86338 0.040152
0.81137 0.040169
0.84503 0.04017
0.80413 0.04053
0.79871 0.040073
0.68223 0.040166
0.79364 0.040103
0.81432 0.040103
0.71532 0.040195
0.69779 0.040184
0.84221 0.04017
0.82565 0.040096
0.74748 0.04012
0.7317 0.040105
0.79824 0.040147
0.82268 0.040121
0.65099 0.040234
0.67668 0.040311
0.81736 0.040178
0.80587 0.040074
0.7536 0.040171
0.68029 0.04034
0.81903 0.040136
0.78568 0.0403
0.69055 0.040233
0.72498 0.040161
0.77414 0.040132
0.76713 0.040168
0.66647 0.040312
0.65715 0.04022
0.78098 0.040246
0.7465 0.040236
0.68651 0.040203
0.62479 0.040143
0.67834 0.040319
0.69922 0.040209
0.74542 0.040346
0.90238 0.040161
0.66453 0.040193
0.68411 0.04018
0.68507 0.040324
0.71166 0.040165
0.79714 0.040129
0.67898 0.040294
0.79021 0.040051
0.84128 0.040285
0.93189 0.040129
0.84214 0.04026
0.84416 0.040084
0.79445 0.040127
0.81505 0.040287
0.87808 0.040074
0.8389 0.040102
0.87352 0.04013
0.79114 0.040113
0.85644 0.040293
0.87237 0.040271
0.86626 0.040279
0.80927 0.040192
0.80751 0.040303
0.82783 0.040224
0.6589 0.040289
0.73975 0.040347
0.75421 0.040124
0.80188 0.040292
0.82947 0.040238
0.84775 0.040202
0.78033 0.040286
0.83639 0.040142
0.86897 0.040105
0.7783 0.040316
0.68549 0.040239
0.82528 0.040236
0.82439 0.04023
0.78575 0.040038
0.76665 0.040163
0.81314 0.040203
0.6093 0.04022
0.69239 0.040279
0.77541 0.040272
0.82982 0.040248
0.6305 0.040136
0.80095 0.040127
0.73042 0.040178
0.76922 0.040261
0.71666 0.040179
0.56003 0.040175
0.69271 0.040275
0.69082 0.040158
0.68671 0.04019
0.6212 0.040195
0.81393 0.040173
0.83656 0.040164
0.6437 0.040223
0.81624 0.040169
0.68717 0.040211
0.65868 0.040216
0.76755 0.040175
0.76941 0.040171
0.60115 0.040211
0.58803 0.04025
0.76636 0.04028
0.7397 0.040184
0.59114 0.040178
0.60194 0.040207
0.73288 0.0402
0.69454 0.040268
0.53402 0.040283
0.60593 0.040231
0.78262 0.040245
0.71161 0.040196
0.59878 0.040266
0.6835 0.040148
0.6908 0.040148
0.71658 0.040159
0.52074 0.040166
0.5964 0.040253
0.68026 0.040201
0.59957 0.040235
0.54062 0.040348
0.57041 0.040213
0.6988 0.040172
0.65326 0.040219
0.59915 0.040256
0.56106 0.040176
0.69385 0.04018
0.6801 0.040312
0.56188 0.040191
0.56604 0.04015
0.61385 0.040304
0.51507 0.040177
0.63241 0.04018
0.52633 0.040185
0.54938 0.040118
0.85018 0.040193
0.75441 0.040132
0.75359 0.040313
0.6474 0.040215
0.64294 0.040219
0.68675 0.040252
0.67217 0.040245
0.61886 0.040311
0.6033 0.040258
0.68005 0.040244
0.61232 0.040239
0.69744 0.040221
0.62945 0.040185
0.61578 0.0403
0.6624 0.040253
0.65365 0.040129
0.70298 0.040192
0.61981 0.040288
0.5615 0.040185
0.58884 0.040153
0.59359 0.040122
0.76341 0.040241
0.58369 0.040185
0.63863 0.040222
0.58677 0.040235
0.55504 0.040153
0.55902 0.040121
0.60509 0.040236
0.65066 0.040229
0.52764 0.040131
0.73067 0.040113
0.47428 0.040669
0.68262 0.040229
0.57031 0.040215
0.63303 0.040119
0.76124 0.040211
0.54961 0.040104
0.59684 0.040179
0.63918 0.040255
0.71515 0.040201
0.73314 0.040357
0.71658 0.040171
0.7325 0.040156
0.70731 0.040228
0.61865 0.040268
0.6078 0.040199
0.64983 0.040211
0.66768 0.040205
0.67679 0.040162
0.63484 0.040162
0.57198 0.040281
0.67563 0.040339
0.63397 0.040139
0.66893 0.04025
0.49365 0.040259
0.70521 0.04024
0.60284 0.040157
0.58005 0.040156
0.66798 0.040166
0.7406 0.040114
0.66654 0.040162
0.74889 0.040189
0.74391 0.040175
0.62809 0.040174
0.644 0.040214
0.74592 0.040124
0.62001 0.040299
0.70112 0.040181
0.71156 0.040251
0.72692 0.040173
0.72929 0.040131
