142
0.14741 0.040075
0.1407 0.040104
0.14876 0.040057
0.31245 0.040129
0.28581 0.040141
0.17806 0.040067
0.15064 0.040116
0.30314 0.040101
0.29203 0.040109
0.14583 0.040122
0.14054 0.040129
0.27586 0.040106
0.25269 0.040122
0.14065 0.040074
0.17566 0.040143
0.27233 0.040111
0.25989 0.040131
0.15156 0.040105
0.29832 0.04013
0.24247 0.040033
0.30736 0.040167
0.085033 0.040172
0.30132 0.040103
0.087445 0.040117
0.043018 0.04009
0.31502 0.040121
0.095628 0.040116
0.046674 0.040138
0.094954 0.040116
0.10816 0.040057
0.12191 0.040121
0.1267 0.040095
0.14924 0.040101
0.13424 0.040078
0.12836 0.040073
0.15026 0.040067
0.14889 0.040111
0.14248 0.040097
0.14454 0.040084
0.14889 0.040094
0.15256 0.040106
0.13319 0.040055
0.14703 0.040124
0.15129 0.040133
0.21326 0.040021
0.14866 0.040064
0.7778 0.040076
0.12689 0.040095
0.050326 0.040071
0.77647 0.040055
0.10378 0.040087
0.052144 0.040096
0.06142 0.040131
0.062719 0.040111
0.097044 0.040073
0.14425 0.040131
0.15398 0.040101
0.14401 0.040096
0.2668 0.040105
0.1514 0.040089
0.1646 0.040044
0.20045 0.040016
0.21181 0.040031
0.174 0.040124
0.17875 0.040085
0.27905 0.040159
0.31044 0.040144
0.17674 0.040082
0.23258 0.040023
0.29295 0.040125
0.7826 0.040042
0.39527 0.040108
0.38707 0.040085
0.40083 0.04009
0.044676 0.040102
0.058983 0.040115
0.10895 0.040095
0.15185 0.04013
0.075066 0.040064
0.06135 0.040118
0.19459 0.040021
0.28198 0.040139
0.055154 0.040111
0.060444 0.040095
0.30993 0.040127
0.33436 0.0401
0.080094 0.040064
0.060237 0.040114
0.30971 0.040171
0.80402 0.040278
0.058741 0.040123
0.069871 0.040116
0.81066 0.040009
0.80424 0.04031
0.26714 0.040107
0.17464 0.040062
0.78883 0.040051
0.39454 0.040122
0.063244 0.040078
0.057718 0.040123
0.11602 0.04011
0.13999 0.04008
0.061439 0.040112
0.091629 0.040096
0.081738 0.040169
0.089437 0.040131
0.044867 0.040115
0.060323 0.040053
0.11178 0.040099
0.097573 0.040142
0.080148 0.040133
0.043303 0.040062
0.10519 0.040111
0.068472 0.040137
0.078478 0.040107
0.05542 0.040089
0.063905 0.040089
0.098057 0.040097
0.056156 0.040061
0.076014 0.040105
0.054685 0.040122
0.066754 0.040076
0.094681 0.040086
0.22377 0.040063
0.26432 0.040139
0.086541 0.040087
0.19803 0.040083
0.16075 0.0401
0.096971 0.040078
0.25418 0.040056
0.19861 0.040044
0.13354 0.040095
0.16127 0.040131
0.13619 0.040097
0.28637 0.040105
0.25013 0.040078
0.17765 0.040085
0.3014 0.040121
0.12586 0.040082
0.22476 0.040017
0.32528 0.040194
0.18639 0.040065
