340
0.02581 0.020353
0.04616 0.022806
0.089366 0.020952
0.036857 0.026149
0.045935 0.026466
0.11192 0.020368
0.10161 0.023917
0.12962 0.02306
0.071377 0.028615
0.055779 0.027081
0.064563 0.027707
0.16061 0.022372
0.07522 0.029593
0.17639 0.022707
0.080123 0.03311
0.078244 0.031453
0.080325 0.03325
0.18591 0.02279
0.095518 0.032311
0.18964 0.025211
0.11786 0.031322
0.12871 0.029761
0.19339 0.027492
0.15105 0.03256
0.20359 0.028168
0.15294 0.033769
0.15094 0.03251
0.1524 0.033305
0.20058 0.031802
0.1531 0.034111
0.21657 0.026262
0.15494 0.035296
0.15307 0.03409
0.15509 0.035793
0.21136 0.032428
0.19608 0.036992
0.23179 0.022285
0.15745 0.036971
0.15805 0.036439
0.15839 0.036616
0.23498 0.031538
0.20654 0.03713
0.25037 0.021401
0.22025 0.035825
0.1589 0.037046
0.25494 0.02709
0.2119 0.037794
0.2639 0.028889
0.2312 0.038298
0.26448 0.033527
0.24771 0.036602
0.27421 0.022334
0.17523 0.038315
0.13376 0.035576
0.19286 0.039087
0.27755 0.023273
0.22578 0.037885
0.27625 0.033361
0.25273 0.03782
0.21907 0.037927
0.24585 0.039673
0.28972 0.022261
0.25653 0.037381
0.28371 0.033729
0.25898 0.037602
0.25782 0.037432
0.30554 0.02621
0.26411 0.038611
0.29396 0.030887
0.28035 0.039293
0.26416 0.038619
0.25859 0.037624
0.32414 0.026808
0.28191 0.038948
0.32653 0.027671
0.2822 0.039634
0.12841 0.036794
0.33679 0.025776
0.10783 0.037255
0.34046 0.026624
0.30098 0.034334
0.11132 0.037027
0.10151 0.037169
0.33347 0.032598
0.072182 0.033931
0.34683 0.030819
0.30978 0.03685
0.077883 0.037725
0.056027 0.031391
0.34918 0.032701
0.042302 0.03116
0.35717 0.025851
0.042029 0.033211
0.039748 0.032306
0.35324 0.036548
0.045818 0.033961
0.35484 0.036783
0.15288 0.038183
0.049363 0.034455
0.35868 0.032963
0.077097 0.037819
0.36929 0.027043
0.070449 0.035127
0.049642 0.034624
0.36027 0.03436
0.047811 0.03458
0.37634 0.026959
0.047717 0.034587
0.047718 0.034573
0.04746 0.034559
0.3707 0.031993
0.070894 0.035842
0.29515 0.039882
0.05201 0.034996
0.048138 0.034626
0.38299 0.035074
0.22602 0.038337
0.38994 0.034714
0.074422 0.037208
0.12343 0.036967
0.23461 0.039619
0.39131 0.025094
0.32919 0.038413
0.40569 0.02257
0.39802 0.028829
0.32615 0.038867
0.39858 0.037056
0.35043 0.038638
0.40413 0.038169
0.3083 0.038571
0.12924 0.037066
0.40591 0.038217
0.41973 0.028558
0.40788 0.038319
0.37791 0.033716
0.4351 0.033703
0.42125 0.031985
0.41265 0.034532
0.4316 0.033902
0.41858 0.035142
0.37577 0.037741
0.44249 0.020421
0.43862 0.021678
0.5301 0.020071
0.53879 0.020173
0.40766 0.025595
0.50949 0.021999
0.41207 0.025871
0.5015 0.02291
0.41201 0.025907
0.41148 0.026706
0.45677 0.024868
0.5103 0.024462
0.4436 0.029061
0.46902 0.02506
0.49938 0.023694
0.53611 0.021443
0.43516 0.036801
0.48551 0.025308
0.51984 0.024056
0.51727 0.025232
0.44692 0.036713
0.46942 0.030357
0.53102 0.022346
0.53364 0.02329
0.46252 0.032246
0.52528 0.024973
0.55711 0.021437
0.56068 0.025733
0.5741 0.021849
0.58852 0.028269
0.56316 0.028913
0.59304 0.029185
0.54769 0.033826
0.58685 0.030149
0.54897 0.023779
0.52386 0.034008
0.58649 0.030169
0.57434 0.033184
0.5485 0.02545
0.54447 0.021472
0.57415 0.034124
0.56057 0.036361
0.47238 0.037961
0.46102 0.038755
0.56404 0.037667
0.44739 0.039958
0.54257 0.021924
0.47615 0.037115
0.43412 0.039893
0.43176 0.039433
0.54637 0.02485
0.60492 0.021762
0.59935 0.030565
0.61862 0.029855
0.63684 0.038957
0.606 0.034818
0.63528 0.03854
0.59221 0.030657
0.60454 0.035789
0.6714 0.036753
0.60052 0.034175
0.60265 0.036062
0.70147 0.037721
0.79536 0.038916
0.57169 0.038278
0.58128 0.039565
0.6777 0.036458
0.60727 0.039388
0.50255 0.033965
0.45556 0.039727
0.6129 0.039092
0.61756 0.022344
0.63911 0.035842
0.63196 0.026588
0.71871 0.037471
0.67826 0.035101
0.90364 0.037459
0.69494 0.037131
0.77694 0.037976
0.7777 0.037885
0.67747 0.036505
0.63998 0.038885
0.65116 0.037916
0.81546 0.038854
0.66306 0.036428
0.94635 0.038156
0.93279 0.037298
0.94812 0.038183
0.68371 0.032853
0.89621 0.038591
0.7169 0.036426
0.9579 0.039117
0.95276 0.039189
0.95816 0.039126
0.64819 0.035357
0.95927 0.039128
0.70605 0.033708
0.79399 0.038528
0.95945 0.039125
0.69038 0.031175
0.82959 0.036475
0.71677 0.034642
0.95779 0.039024
0.95722 0.038966
0.64493 0.027166
0.82454 0.036154
0.73573 0.040109
0.9544 0.038319
0.95506 0.038826
0.95432 0.03835
0.64872 0.023239
0.95289 0.037935
0.7182 0.032113
0.94616 0.035804
0.95128 0.037416
0.94687 0.035881
0.66943 0.02515
0.76063 0.03914
0.71032 0.029519
0.90253 0.036993
0.93105 0.036581
0.69877 0.026571
0.74587 0.040187
0.68843 0.023541
0.76935 0.03806
0.89176 0.038316
0.87915 0.039095
0.70054 0.023884
0.8597 0.037289
0.74553 0.038744
0.79139 0.036998
0.71858 0.02453
0.79211 0.037071
0.75264 0.038732
0.82405 0.033814
0.82042 0.034698
0.73098 0.026113
0.82973 0.034369
0.73565 0.026752
0.84786 0.036812
0.82905 0.034216
0.84948 0.036603
0.74344 0.029451
0.86222 0.036961
0.75292 0.031634
0.87482 0.039498
0.87328 0.039593
0.75075 0.025095
0.88096 0.038087
0.76001 0.0257
0.80054 0.038421
0.87835 0.038381
0.88817 0.034962
0.77065 0.026156
0.89377 0.032754
0.77804 0.025824
0.80792 0.035398
0.89583 0.033041
0.90434 0.034307
0.78146 0.024263
0.90889 0.033654
0.79237 0.02445
0.91627 0.032276
0.9094 0.033424
0.92212 0.03127
0.80025 0.02202
0.92636 0.031824
0.81996 0.025982
0.93333 0.031381
0.93509 0.031339
0.8247 0.02272
0.8964 0.026757
0.83038 0.022749
0.95125 0.033181
0.94721 0.031322
0.95456 0.033919
0.84008 0.021563
0.96164 0.036048
0.86727 0.024156
0.96298 0.035388
0.96175 0.036043
0.87863 0.021805
0.92418 0.025663
0.90843 0.02425
0.92953 0.025477
0.96532 0.034337
0.96688 0.034504
0.914 0.02242
0.97213 0.034617
0.94043 0.023479
0.97294 0.034508
0.97214 0.034616
0.97278 0.034527
0.96153 0.023472
0.97622 0.034443
0.97204 0.023139
0.9745 0.027543
0.97534 0.034439
0.97777 0.034292
