340
0.043941 0.020038
0.15763 0.025206
0.16705 0.024853
0.14883 0.040595
0.11976 0.053921
0.1698 0.023034
0.13322 0.052593
0.13973 0.050768
0.076437 0.043443
0.10296 0.051327
0.088234 0.045583
0.16426 0.040035
0.072722 0.042394
0.1727 0.034184
0.069452 0.041689
0.068911 0.041349
0.069593 0.041751
0.17866 0.029875
0.064152 0.041009
0.17161 0.038805
0.050897 0.041323
0.040517 0.045764
0.16211 0.044462
0.033695 0.05366
0.1704 0.041953
0.032792 0.055394
0.033715 0.053615
0.033193 0.054656
0.16333 0.046404
0.033078 0.056545
0.18986 0.033227
0.045072 0.044434
0.033023 0.056502
0.051388 0.042845
0.17965 0.041867
0.17058 0.046491
0.19801 0.024356
0.086807 0.047333
0.079353 0.045867
0.081236 0.046319
0.1987 0.038272
0.18072 0.045409
0.20903 0.02345
0.17874 0.049838
0.099877 0.052835
0.20763 0.039953
0.074773 0.046233
0.21237 0.040073
0.10011 0.053865
0.21561 0.04402
0.17204 0.052746
0.21935 0.023909
0.052616 0.044374
0.078588 0.038623
0.14973 0.056671
0.22199 0.024968
0.19114 0.050199
0.22822 0.037624
0.21898 0.059221
0.18235 0.051501
0.21744 0.058081
0.23015 0.024209
0.21006 0.054411
0.24104 0.040645
0.16671 0.055478
0.18499 0.051831
0.24095 0.034766
0.023123 0.069853
0.25543 0.043937
0.26935 0.051308
0.022392 0.072161
0.037219 0.030379
0.25008 0.036642
0.27091 0.051664
0.2541 0.038398
0.1967 0.051528
0.13079 0.040298
0.25235 0.033423
0.12935 0.040891
0.25603 0.035156
0.23853 0.060642
0.13025 0.040331
0.12634 0.042749
0.27599 0.044338
0.13675 0.033671
0.27172 0.041047
0.19811 0.051994
0.12983 0.039775
0.14818 0.030898
0.27945 0.042085
0.14171 0.026193
0.26688 0.036139
0.12368 0.024794
0.13129 0.025303
0.30581 0.037147
0.10278 0.021773
0.29639 0.039946
0.12145 0.043949
0.050928 0.021595
0.32897 0.04037
0.13863 0.028173
0.28775 0.03888
0.13544 0.027309
0.11093 0.032775
0.31918 0.03895
0.1051 0.029371
0.28708 0.038278
0.055985 0.023715
0.10522 0.0292
0.095067 0.025058
0.35699 0.04588
0.12124 0.026005
0.23728 0.062564
0.042819 0.025911
0.044659 0.025475
0.40691 0.04094
0.12354 0.040741
0.40478 0.039973
0.10384 0.03994
0.11263 0.024367
0.094189 0.040737
0.27807 0.033911
0.040322 0.029944
0.27332 0.02752
0.30587 0.032981
0.02182 0.068614
0.43536 0.042284
0.3196 0.039496
0.43487 0.041816
0.077874 0.025703
0.10529 0.023051
0.43088 0.041111
0.30026 0.023178
0.42546 0.03982
0.46217 0.041343
0.31982 0.027901
0.30176 0.024277
0.32456 0.034138
0.30995 0.027743
0.29891 0.025897
0.35566 0.039591
0.32572 0.020295
0.32031 0.021029
0.46309 0.020061
0.5032 0.02001
0.29631 0.031687
0.3891 0.020562
0.29899 0.030147
0.35975 0.022444
0.29942 0.030167
0.30524 0.03053
0.34365 0.025432
0.40352 0.021161
0.33536 0.028171
0.34958 0.028471
0.36475 0.022869
0.53162 0.020217
0.34182 0.033143
0.36304 0.025328
0.43156 0.022032
0.42902 0.022629
0.3714 0.024926
0.3531 0.032712
0.47363 0.021105
0.49316 0.020099
0.35648 0.036203
0.45039 0.021971
0.63537 0.020723
0.63884 0.021719
0.70735 0.021067
0.68119 0.039901
0.65167 0.021339
0.67706 0.037128
0.64067 0.02431
0.68233 0.038928
0.59421 0.021095
0.62649 0.027336
0.68292 0.03901
0.70321 0.03073
0.59987 0.021585
0.564 0.021079
0.70042 0.032078
0.66805 0.020897
0.62307 0.031767
0.61915 0.033211
0.67387 0.021122
0.61344 0.039132
0.55021 0.021878
0.61866 0.027075
0.60854 0.040479
0.62925 0.035855
0.58092 0.022043
0.72067 0.02646
0.6726 0.033291
0.67061 0.040998
0.6428 0.042032
0.66241 0.033617
0.64431 0.042326
0.67739 0.035601
0.66387 0.031441
0.96039 0.032448
0.67271 0.030879
0.67319 0.0303
0.84274 0.045932
0.82921 0.036055
0.69951 0.026208
0.69814 0.028572
0.92083 0.048184
0.67959 0.029515
0.65278 0.026395
0.64915 0.029436
0.67639 0.026833
0.7207 0.029902
0.66201 0.040391
0.69535 0.04171
0.83667 0.045619
0.93889 0.02943
0.89527 0.026139
0.85584 0.037792
0.82832 0.035265
0.82851 0.035558
0.85323 0.050877
0.60836 0.041812
0.67059 0.048066
0.83085 0.030845
0.66738 0.048481
0.9624 0.027056
0.96038 0.027095
0.96196 0.027034
0.66916 0.05318
0.84212 0.034699
0.71861 0.051598
0.94585 0.025629
0.9599 0.027011
0.9441 0.024903
0.69412 0.043877
0.89947 0.024497
0.68304 0.052663
0.91521 0.030781
0.86268 0.028975
0.687 0.051441
0.82596 0.029277
0.69826 0.051915
0.85413 0.026534
0.86214 0.025912
0.72487 0.03403
0.85546 0.038637
0.72039 0.049577
0.88414 0.023885
0.87669 0.025155
0.88414 0.023915
0.7341 0.028781
0.87085 0.0237
0.7241 0.047214
0.83052 0.026932
0.8558 0.023553
0.83196 0.026448
0.72467 0.040023
0.75758 0.055559
0.72882 0.04562
0.87231 0.037214
0.8331 0.044765
0.73754 0.043096
0.74454 0.053719
0.74007 0.038613
0.76694 0.055228
0.88118 0.037642
0.89977 0.036294
0.74376 0.03726
0.93666 0.030686
0.75207 0.049524
0.77469 0.057677
0.74897 0.036817
0.77677 0.058115
0.75992 0.047619
0.97276 0.043938
0.97304 0.044335
0.75327 0.035308
0.96928 0.041951
0.75564 0.034021
0.96415 0.041108
0.97012 0.042289
0.96379 0.0411
0.76208 0.037208
0.9503 0.039908
0.76828 0.041987
0.93554 0.036618
0.93727 0.036732
0.76365 0.030434
0.9327 0.037607
0.76926 0.034668
0.79511 0.0577
0.93169 0.039543
0.94279 0.037535
0.7769 0.041897
0.9448 0.037911
0.77847 0.040717
0.81076 0.06397
0.94522 0.037991
0.96049 0.040012
0.77668 0.035499
0.96055 0.039412
0.7803 0.038328
0.95864 0.038994
0.96047 0.039359
0.9523 0.038488
0.77858 0.027714
0.94293 0.036331
0.80526 0.057482
0.92811 0.042694
0.92802 0.045218
0.7864 0.035331
0.8274 0.065291
0.78719 0.034298
0.88946 0.046731
0.88736 0.04636
0.89384 0.046804
0.78747 0.027221
0.90031 0.044013
0.79747 0.042665
0.89292 0.043566
0.90058 0.04383
0.79512 0.029708
0.81288 0.053844
0.80436 0.041616
0.81156 0.050859
0.84798 0.049933
0.84026 0.056378
0.80219 0.030269
0.82676 0.047767
0.80688 0.033613
0.82294 0.044411
0.82674 0.047745
0.82382 0.04524
0.82545 0.021332
0.83437 0.023133
0.92084 0.020136
0.89731 0.02051
0.82145 0.027167
0.89332 0.021125
