142
0.88139 0.040414
0.87875 0.041074
0.88081 0.042096
0.85838 0.040102
0.85205 0.041542
0.8882 0.040646
0.88325 0.042333
0.85596 0.040034
0.85431 0.042267
0.88072 0.041458
0.879 0.040594
0.85227 0.042403
0.84969 0.041544
0.87874 0.040626
0.88897 0.041647
0.85166 0.041357
0.84944 0.042392
0.88361 0.04097
0.85498 0.041327
0.89142 0.040841
0.85601 0.041523
0.86696 0.040714
0.85571 0.042485
0.87096 0.042171
0.87486 0.040789
0.85874 0.040125
0.86251 0.04054
0.86952 0.042016
0.87175 0.041062
0.86333 0.042448
0.86161 0.040521
0.86996 0.042104
0.87588 0.04219
0.86291 0.040013
0.86197 0.040957
0.87487 0.041168
0.87158 0.040928
0.8651 0.040657
0.86601 0.041397
0.87006 0.041538
0.87593 0.040834
0.86222 0.040996
0.86487 0.040449
0.87016 0.0406
0.8759 0.041831
0.88454 0.04056
0.8497 0.040014
0.88082 0.041068
0.88035 0.041452
0.84667 0.040044
0.84529 0.041064
0.88397 0.040148
0.87911 0.040567
0.8437 0.040592
0.84715 0.041795
0.88484 0.0421
0.88505 0.041457
0.84346 0.040553
0.84945 0.042184
0.8789 0.041086
0.88337 0.041897
0.84433 0.041854
0.84354 0.041724
0.88294 0.041813
0.8811 0.04063
0.84767 0.041445
0.84969 0.040789
0.87838 0.042034
0.87975 0.040674
0.84324 0.040803
0.84857 0.042123
0.857 0.040074
0.85747 0.040084
0.85746 0.041675
0.86644 0.040698
0.86971 0.041497
0.85346 0.042194
0.85548 0.041075
0.8671 0.042025
0.86525 0.040023
0.85455 0.042007
0.85311 0.041856
0.86846 0.042517
0.86536 0.042521
0.85815 0.041235
0.85958 0.04184
0.86992 0.041689
0.86284 0.041968
0.85288 0.042233
0.85962 0.040533
0.86259 0.041429
0.8693 0.041435
0.85837 0.041022
0.85865 0.042276
0.86814 0.042091
0.86871 0.041973
0.85955 0.042258
0.86371 0.042147
0.87428 0.041731
0.88005 0.040057
0.88303 0.040959
0.84374 0.040064
0.87271 0.042109
0.87485 0.042208
0.8828 0.042066
0.83832 0.042334
0.8786 0.04234
0.8798 0.040702
0.83669 0.042484
0.84104 0.042269
0.87251 0.042175
0.87823 0.042354
0.83867 0.042274
0.88244 0.041621
0.8727 0.040561
0.87444 0.042409
0.88421 0.040993
0.84008 0.04158
0.87946 0.040413
0.87727 0.041648
0.84348 0.041592
0.88267 0.040056
0.84489 0.041072
0.85414 0.040089
0.84366 0.04231
0.8529 0.042306
0.85972 0.04067
0.84444 0.041729
0.84412 0.04008
0.86363 0.042428
0.86441 0.042399
0.844 0.040036
0.84499 0.042003
0.85521 0.041552
0.86125 0.040492
0.84986 0.041391
0.85111 0.041229
0.86044 0.0408
0.84899 0.041926
0.86384 0.040639
0.86492 0.041063
0.86351 0.041717
