142
0.5735 0.65189
0.57086 0.67177
0.57292 0.68595
0.5944 0.62106
0.58807 0.62685
0.58031 0.63686
0.57536 0.64659
0.59198 0.63444
0.59033 0.64295
0.57284 0.65425
0.57111 0.66411
0.58829 0.65107
0.58571 0.66698
0.57085 0.67126
0.58108 0.68285
0.58767 0.67266
0.58546 0.68806
0.57572 0.69418
0.591 0.69503
0.58353 0.70771
0.59202 0.71685
0.60298 0.61531
0.59173 0.62331
0.60698 0.61327
0.61088 0.62156
0.59476 0.63505
0.59853 0.64512
0.60553 0.63123
0.60777 0.64885
0.59935 0.65116
0.59763 0.66368
0.60598 0.6562
0.61189 0.6689
0.59893 0.67609
0.59799 0.68136
0.61089 0.6786
0.6076 0.68111
0.60112 0.69241
0.60203 0.70273
0.60607 0.69596
0.61195 0.70769
0.59824 0.72167
0.60089 0.72337
0.60618 0.71437
0.61192 0.72866
0.62056 0.60877
0.63194 0.60746
0.61684 0.60966
0.61637 0.6256
0.62891 0.6076
0.62753 0.62391
0.61999 0.6352
0.61513 0.64521
0.62594 0.63657
0.62939 0.64102
0.62086 0.65618
0.62107 0.6667
0.6257 0.65231
0.63169 0.66888
0.61492 0.67831
0.61939 0.68452
0.62656 0.67414
0.62577 0.68333
0.61896 0.69703
0.61711 0.7069
0.62991 0.69557
0.63192 0.70752
0.61439 0.71203
0.61577 0.72103
0.62548 0.71524
0.63081 0.72131
0.63924 0.60773
0.63971 0.60777
0.6397 0.6284
0.64868 0.60936
0.65195 0.62629
0.6357 0.63241
0.63771 0.64889
0.64934 0.6313
0.64749 0.64697
0.63679 0.65589
0.63534 0.66794
0.6507 0.65743
0.64759 0.66224
0.64039 0.67227
0.64182 0.68411
0.65216 0.67367
0.64508 0.68501
0.63512 0.69847
0.64186 0.70646
0.64482 0.69549
0.65154 0.70287
0.6406 0.71619
0.64089 0.73199
0.65038 0.71869
0.65095 0.72991
0.64179 0.73187
0.64595 0.73116
0.65652 0.61191
0.66229 0.61456
0.66527 0.61622
0.67462 0.62303
0.65495 0.6319
0.65709 0.64273
0.66504 0.63159
0.66921 0.6466
0.66084 0.65691
0.66204 0.66455
0.66758 0.65124
0.67193 0.66119
0.65475 0.67506
0.66047 0.68782
0.66955 0.67534
0.66468 0.68268
0.65494 0.69163
0.65668 0.70591
0.66645 0.69428
0.67097 0.70333
0.66169 0.71343
0.65951 0.7267
0.67437 0.71709
0.66491 0.72388
0.67577 0.62407
0.68503 0.63482
0.67454 0.64655
0.68378 0.63305
0.69061 0.64493
0.67532 0.65842
0.67501 0.66269
0.69451 0.65717
0.69529 0.66175
0.67489 0.67619
0.67588 0.68523
0.6861 0.67325
0.69213 0.69113
0.68075 0.69531
0.68199 0.70917
0.69133 0.69324
0.67987 0.71166
0.69472 0.65822
0.69581 0.67174
0.69439 0.68328
