340
0.054084 0.020018
0.28027 0.022335
0.31407 0.022108
0.26397 0.037284
0.17222 0.029589
0.3193 0.021611
0.21739 0.038782
0.23198 0.040371
0.099344 0.027994
0.13739 0.037053
0.12904 0.032121
0.29846 0.024912
0.087648 0.029501
0.32407 0.028662
0.076522 0.032107
0.075452 0.03234
0.076888 0.032015
0.33295 0.02694
0.067558 0.034608
0.32201 0.03091
0.062453 0.030831
0.049932 0.034256
0.28193 0.029418
0.046274 0.036777
0.31915 0.031621
0.045937 0.037429
0.04628 0.036749
0.046095 0.037222
0.2856 0.028064
0.046148 0.040116
0.34914 0.02815
0.054015 0.032613
0.046125 0.039895
0.06072 0.03238
0.33464 0.035921
0.31854 0.033535
0.36344 0.022976
0.12375 0.031428
0.10349 0.028273
0.10897 0.028564
0.36475 0.033399
0.33643 0.038524
0.37559 0.02362
0.33326 0.041328
0.12857 0.036005
0.37322 0.041274
0.085891 0.030354
0.37782 0.042314
0.12762 0.035826
0.38321 0.043986
0.32013 0.037664
0.3847 0.024688
0.058489 0.035215
0.12028 0.02823
0.25547 0.038791
0.38693 0.026079
0.35198 0.037514
0.39177 0.040282
0.3888 0.046376
0.33955 0.042079
0.38758 0.046137
0.39318 0.024652
0.37785 0.046856
0.40504 0.035858
0.3014 0.027832
0.3433 0.041318
0.40608 0.031247
0.029791 0.026605
0.41273 0.042435
0.43917 0.045142
0.02758 0.026909
0.042777 0.022966
0.41247 0.036377
0.43855 0.04561
0.41215 0.039543
0.36177 0.040276
0.23059 0.034299
0.41624 0.033362
0.2279 0.034328
0.41639 0.035724
0.40204 0.044213
0.22982 0.03424
0.22032 0.034089
0.44761 0.047863
0.24919 0.027969
0.43954 0.042476
0.36342 0.042372
0.22995 0.033876
0.26793 0.029783
0.45184 0.048865
0.26114 0.024644
0.43154 0.034976
0.23212 0.023481
0.24284 0.023276
0.47953 0.036969
0.19931 0.020798
0.47375 0.038913
0.20797 0.032625
0.071638 0.020804
0.48085 0.047945
0.25652 0.025201
0.46082 0.044591
0.25059 0.024257
0.20848 0.027354
0.49831 0.042177
0.20365 0.024849
0.45893 0.045088
0.079578 0.021982
0.20387 0.02479
0.17674 0.021271
0.48396 0.05193
0.22882 0.024326
0.40154 0.043616
0.051678 0.02286
0.055623 0.022547
0.37009 0.06464
0.21853 0.032733
0.42087 0.048512
0.1629 0.0273
0.21586 0.02279
0.14668 0.028789
0.44404 0.040931
0.046401 0.023855
0.4415 0.028805
0.46978 0.034768
0.025649 0.026462
0.40634 0.052778
0.499 0.043486
0.4121 0.050849
0.12814 0.023013
0.20399 0.021594
0.41418 0.050142
0.45653 0.025199
0.3741 0.062662
0.36586 0.06765
0.47186 0.028373
0.45739 0.026787
0.49365 0.035558
0.46268 0.030295
0.45573 0.02995
0.51039 0.060042
0.47761 0.020308
0.47206 0.02109
0.52383 0.021058
0.52522 0.020288
0.4584 0.038055
0.51467 0.021406
0.45833 0.035743
0.50267 0.025733
0.45867 0.035576
0.46373 0.0338
0.49369 0.027596
0.51847 0.025934
0.48978 0.029591
0.50434 0.037173
0.50454 0.027373
0.52609 0.024961
0.5111 0.04993
0.50675 0.034718
0.52201 0.042398
0.52244 0.04659
0.50834 0.033565
0.50758 0.05445
0.52445 0.044638
0.5249 0.022915
0.50836 0.059041
0.5235 0.045384
0.53792 0.025868
0.53794 0.033849
0.5712 0.021254
0.56701 0.06166
0.53988 0.027615
0.56034 0.059913
0.53794 0.055471
0.56486 0.060326
0.52982 0.029186
0.52968 0.062134
0.56469 0.060144
0.56639 0.032495
0.53087 0.030099
0.52687 0.039029
0.56258 0.033855
0.54394 0.022584
0.52086 0.060456
0.5222 0.060218
0.54621 0.0226
0.51689 0.059939
0.52622 0.051093
0.534 0.054115
0.41864 0.049308
0.50196 0.060844
0.52736 0.045433
0.58214 0.027826
0.551 0.056538
0.52361 0.065293
0.41686 0.050142
0.53361 0.065986
0.41128 0.051651
0.55576 0.057479
0.54567 0.059766
0.94768 0.030547
0.54467 0.04955
0.54421 0.046634
0.81479 0.028317
0.74298 0.031925
0.56395 0.027491
0.56233 0.030296
0.91844 0.037672
0.54788 0.038131
0.54055 0.056548
0.52213 0.062868
0.5468 0.034498
0.58229 0.031999
0.49347 0.057222
0.56013 0.053882
0.79679 0.026674
0.92767 0.027955
0.86438 0.023547
0.82838 0.030402
0.7415 0.031114
0.74184 0.031403
0.85933 0.036047
0.40387 0.05369
0.48732 0.055391
0.74274 0.027986
0.43826 0.05189
0.95061 0.025549
0.94809 0.025953
0.95007 0.025606
0.41408 0.051185
0.76551 0.024877
0.56956 0.050264
0.93389 0.025664
0.94756 0.025966
0.93236 0.024799
0.56885 0.059525
0.87173 0.022598
0.55461 0.062562
0.8943 0.029897
0.83085 0.027349
0.57723 0.064874
0.73607 0.025437
0.58754 0.065039
0.80699 0.021492
0.83027 0.02453
0.58472 0.037844
0.82861 0.031184
0.57184 0.049954
0.84699 0.023637
0.84056 0.026624
0.84699 0.023666
0.59263 0.029625
0.83731 0.024723
0.57754 0.051913
0.74203 0.025032
0.8136 0.020993
0.7437 0.024813
0.58177 0.045658
0.61579 0.046032
0.58326 0.053808
0.86638 0.035776
0.77313 0.026729
0.5891 0.048422
0.59523 0.047115
0.59501 0.039173
0.63182 0.041616
0.86829 0.035556
0.87972 0.03046
0.60099 0.036565
0.92494 0.028185
0.60983 0.046109
0.64451 0.040541
0.60702 0.036328
0.64961 0.040691
0.62018 0.039446
0.96624 0.033514
0.96675 0.033612
0.61162 0.033555
0.95982 0.033872
0.61448 0.031559
0.95192 0.035994
0.96137 0.033643
0.95129 0.036206
0.62336 0.031513
0.93816 0.040154
0.63304 0.033867
0.92694 0.033386
0.9285 0.034462
0.6265 0.027058
0.92393 0.032609
0.63468 0.029019
0.67002 0.040193
0.92394 0.033826
0.93255 0.037499
0.64879 0.032517
0.93398 0.038433
0.65175 0.032358
0.71782 0.031874
0.93429 0.03863
0.94693 0.03724
0.64806 0.028839
0.94706 0.036749
0.65484 0.031661
0.94535 0.037092
0.94699 0.036738
0.93961 0.038924
0.65163 0.024624
0.93249 0.036229
0.70164 0.034745
0.92169 0.034585
0.92341 0.036866
0.66351 0.030873
0.79542 0.02954
0.66454 0.030073
0.88053 0.037455
0.87659 0.037466
0.88901 0.036624
0.6649 0.02507
0.90417 0.038197
0.67744 0.032793
0.8806 0.03472
0.90428 0.038165
0.67601 0.025778
0.72514 0.03196
0.6949 0.031343
0.7176 0.029139
0.83357 0.039871
0.82648 0.040341
0.68828 0.02598
0.74865 0.036531
0.69737 0.026855
0.73774 0.03607
0.74851 0.036564
0.73923 0.036723
0.73525 0.020752
0.74645 0.022337
0.89902 0.020111
0.86799 0.020288
0.72682 0.022879
0.86092 0.020683
