142
0.57889 0.040087
0.62489 0.040089
0.38369 0.045842
0.77984 0.040127
0.078296 0.041365
0.88184 0.040109
0.70639 0.040062
0.6547 0.040247
0.7014 0.040715
0.93966 0.040417
0.73187 0.040103
0.925 0.040029
0.90715 0.078837
0.61719 0.040108
0.91329 0.040031
0.91963 0.040025
0.08334 0.041754
0.90373 0.040089
0.84922 0.040127
0.92608 0.040038
0.93683 0.040043
0.65686 0.040161
0.14945 0.040129
0.36076 0.043186
0.73734 0.040474
0.71697 0.040153
0.85986 0.040126
0.78566 0.040127
nan nan
nan nan
0.68502 0.040972
0.91284 0.041527
nan nan
0.72981 0.040106
nan nan
nan nan
0.05999 0.051105
0.91132 0.04001
0.045569 0.043717
0.068946 0.040086
0.87797 0.040098
0.92472 0.040044
0.84633 0.040126
0.92623 0.04004
0.10314 0.040094
0.48586 0.042188
0.71008 0.040033
0.91032 0.040013
0.82374 0.040126
0.099631 0.040501
0.74312 0.040103
0.86168 0.040109
nan nan
0.85522 0.040125
0.93824 0.040044
0.93248 0.040034
0.9239 0.040025
0.46552 0.040929
0.92499 0.044632
nan nan
nan nan
nan nan
nan nan
0.566 0.040424
0.092703 0.040889
0.94326 0.040062
0.8193 0.040126
0.95089 0.078591
0.94452 0.040066
0.92481 0.087057
0.93794 0.040036
0.91751 0.040026
0.68529 0.040949
0.64092 0.040079
0.92461 0.040033
0.95998 0.042074
0.94881 0.08791
0.9302 0.04004
0.69816 0.040202
0.79194 0.040128
0.92389 0.040034
0.91628 0.040028
0.77349 0.040126
0.9107 0.04002
0.91914 0.040034
nan nan
0.91902 0.040032
0.92326 0.040038
0.077798 0.040332
0.94182 0.040066
nan nan
0.31528 0.33456
0.92521 0.04003
0.65366 0.041032
0.94434 0.040196
0.95766 0.11924
0.54964 0.041159
0.93438 0.040045
0.90263 0.040089
0.92506 0.040025
0.74127 0.040106
0.80096 0.040126
0.77816 0.040127
0.69809 0.040184
0.79008 0.040128
0.87193 0.040107
0.11825 0.040094
0.9296 0.04003
0.77573 0.040127
0.65396 0.040059
0.91912 0.040039
0.93047 0.040029
nan nan
0.91722 0.040024
0.93234 0.040029
0.74105 0.040105
0.91931 0.040041
0.92509 0.040034
0.94818 0.084286
0.90361 0.040087
0.95733 0.10077
0.92435 0.040033
0.83941 0.040126
0.69767 0.040241
0.93072 0.040035
0.70674 0.040022
0.5445 0.04166
0.78164 0.040128
0.90744 0.040012
0.16931 0.29931
nan nan
0.53043 0.04414
0.92461 0.087073
0.65994 0.040625
0.46099 0.045356
0.62014 0.040097
0.93458 0.040047
0.17585 0.04013
0.92152 0.040026
0.921 0.040029
nan nan
0.9393 0.040048
