372
0.010964 0.028441
0.023369 0.036634
0.030977 0.02475
0.026993 0.04112
0.23796 0.041873
0.21813 0.023357
0.098299 0.032546
0.092447 0.029085
0.23353 0.041919
0.24415 0.041919
0.23529 0.041866
0.15496 0.025215
0.22864 0.041627
0.20829 0.024447
0.2735 0.0419
0.24449 0.041858
0.27505 0.041865
0.2222 0.02404
0.28856 0.041915
0.18953 0.025328
0.27736 0.041855
0.27412 0.041873
0.12592 0.026569
0.26819 0.041868
0.16195 0.026614
0.27809 0.041882
0.26821 0.041867
0.27028 0.041872
0.11116 0.028537
0.2971 0.041838
0.19514 0.025995
0.32861 0.041828
0.29538 0.041838
0.33417 0.041879
0.13741 0.029491
0.12051 0.032671
0.2881 0.023908
0.38252 0.041847
0.35198 0.04183
0.36485 0.041868
0.12994 0.029052
0.16273 0.035204
0.35032 0.023449
0.15392 0.034832
0.406 0.041893
0.19046 0.026652
0.14414 0.035644
0.17918 0.026296
0.11563 0.034545
0.13266 0.029446
0.17189 0.035906
0.35158 0.023604
0.39617 0.04163
0.40082 0.041832
0.3975 0.041891
0.33584 0.023952
0.39575 0.041837
0.17644 0.028204
0.44046 0.041881
0.39439 0.041861
0.43229 0.041884
0.36295 0.023794
0.44457 0.041641
0.16628 0.028301
0.45117 0.041868
0.4483 0.041835
0.30072 0.026156
0.48594 0.041851
0.14616 0.029546
0.28457 0.036259
0.485 0.041643
0.50597 0.041868
0.29879 0.025889
0.27827 0.035567
0.28701 0.026096
0.28533 0.0366
0.50041 0.04183
0.40906 0.024713
0.49978 0.041838
0.40014 0.024866
0.23992 0.032652
0.49913 0.041854
0.50222 0.041645
0.24403 0.027334
0.53896 0.041857
0.35043 0.025657
0.2077 0.032411
0.52794 0.041613
0.54816 0.04183
0.35115 0.025854
0.55732 0.041828
0.49201 0.024128
0.58045 0.041621
0.56849 0.041844
0.39038 0.026514
0.60693 0.041846
0.39899 0.026491
0.26769 0.034263
0.61516 0.041857
0.41888 0.025502
0.36196 0.035689
0.53003 0.024246
0.3608 0.035624
0.60962 0.041862
0.40043 0.025706
0.60391 0.041638
0.5816 0.02389
0.6414 0.041845
0.6045 0.041635
0.61463 0.04162
0.44113 0.025183
0.29819 0.033303
0.34084 0.029367
0.65296 0.041851
0.64593 0.041846
0.47445 0.025955
0.34015 0.035908
0.50604 0.026567
0.64983 0.041902
0.65194 0.041924
0.9552 0.31581
0.95477 0.36869
0.95493 0.38944
0.95476 0.24705
0.95462 0.233
0.9547 0.23403
0.95475 0.23491
0.95526 0.24975
0.95472 0.283
0.95531 0.30029
0.59175 0.024291
0.66841 0.041829
0.48102 0.028373
0.33805 0.033841
0.66736 0.041828
0.6907 0.041631
0.95507 0.33519
0.95517 0.34885
0.9551 0.34709
0.95475 0.31157
0.95507 0.287
0.95538 0.36287
0.9549 0.27385
0.95459 0.28388
0.95474 0.31845
0.95537 0.26886
0.95514 0.26203
0.95523 0.33544
0.95524 0.35281
0.95491 0.26999
0.9554 0.2938
0.95504 0.34025
0.955 0.3674
0.95526 0.31884
0.95535 0.17967
0.95491 0.15424
0.56314 0.024765
0.40531 0.032803
0.54057 0.025559
0.42046 0.034153
0.69612 0.041823
0.69885 0.041632
0.95518 0.20573
0.95527 0.28766
0.95475 0.1282
0.95476 0.23081
0.95539 0.27967
0.95525 0.22331
0.95506 0.3528
0.95518 0.23255
0.9553 0.22605
0.95538 0.30294
0.95488 0.27125
0.95511 0.2481
0.95488 0.34599
0.95531 0.31176
0.95493 0.28767
0.95532 0.29718
0.95459 0.23959
0.95524 0.29187
0.95497 0.28947
0.95521 0.16857
0.9553 0.15831
0.95526 0.28879
0.95462 0.27198
0.54509 0.025428
0.44526 0.035828
0.51773 0.026039
0.69489 0.041881
0.69293 0.041823
0.69811 0.041872
0.95506 0.19406
0.95489 0.088156
0.95476 0.13485
0.9554 0.22403
0.9548 0.13898
0.95457 0.15951
0.95535 0.21656
0.95534 0.23991
0.95529 0.22883
0.95516 0.19528
0.95503 0.33918
0.95504 0.20444
0.95504 0.25043
0.95499 0.32515
0.95524 0.2158
0.95538 0.26729
0.9553 0.25067
0.95507 0.22164
0.95537 0.25405
0.95498 0.2202
0.95494 0.17115
0.95516 0.19398
0.65942 0.023916
0.72308 0.041832
0.46831 0.029688
0.75161 0.04165
0.76027 0.041641
0.75256 0.041648
0.95509 0.1094
0.95534 0.11914
0.9547 0.14586
0.95493 0.16471
0.95515 0.12222
0.95524 0.10415
0.9546 0.10143
0.95528 0.14748
0.95536 0.10786
0.95526 0.18195
0.95461 0.26891
0.95501 0.33383
0.95513 0.1589
0.95506 0.26281
0.95521 0.31692
0.95529 0.29733
0.95491 0.32835
0.95516 0.2438
0.95516 0.30848
0.66547 0.023736
0.45004 0.031905
0.73397 0.024032
0.47342 0.03424
0.76697 0.041886
0.76332 0.041895
0.95787 0.05016
0.9587 0.042609
0.95837 0.047318
0.95485 0.042367
0.95496 0.06588
0.9552 0.041429
0.95484 0.17178
0.95538 0.18096
0.95463 0.17776
0.95535 0.18111
0.95521 0.15537
0.63358 0.025104
0.48001 0.035928
0.5882 0.02597
0.75173 0.041888
0.7572 0.041891
0.75172 0.04189
0.55074 0.02707
0.45792 0.035094
0.4943 0.028849
0.80157 0.041849
0.75526 0.041899
0.80529 0.041853
0.74928 0.024279
0.81767 0.041633
0.60968 0.02798
0.49174 0.032476
0.81944 0.041811
0.66777 0.027184
0.51924 0.035239
0.61347 0.02854
0.80834 0.041805
0.80925 0.041922
0.77233 0.023663
0.58787 0.036456
0.54198 0.0298
0.80116 0.041624
0.80425 0.041826
0.80104 0.041625
0.79111 0.02339
0.83252 0.041807
0.62096 0.029652
0.87843 0.041616
0.86946 0.041826
0.88158 0.041915
0.71456 0.02573
0.60636 0.033986
0.6115 0.02877
0.89761 0.041893
0.88997 0.04185
0.65851 0.026763
0.61177 0.031915
0.77785 0.025154
0.61246 0.035059
0.90185 0.041867
0.92148 0.041877
0.79934 0.025109
0.93215 0.041852
0.63297 0.029384
0.68135 0.036092
0.78436 0.025469
0.67762 0.036395
0.66395 0.029201
0.92137 0.041872
0.92262 0.041887
0.82607 0.02545
0.92125 0.041884
0.86027 0.025224
0.9288 0.041829
0.9214 0.041888
0.93176 0.041825
0.82515 0.026052
0.9522 0.040518
0.75824 0.027319
0.95074 0.040378
0.94978 0.040391
0.89281 0.024661
0.95595 0.040145
0.85204 0.025482
0.68762 0.032226
0.95487 0.040214
0.95668 0.04068
0.80946 0.026768
0.95815 0.04092
0.82395 0.026206
0.69683 0.032713
0.95873 0.040964
0.95879 0.040886
0.90835 0.02509
0.95943 0.041222
0.88102 0.025337
0.95862 0.041256
0.95725 0.041253
0.95846 0.041525
0.95723 0.024344
0.95863 0.041573
0.78486 0.028584
0.95802 0.041613
0.95793 0.041584
0.92127 0.025189
0.75865 0.033918
0.9076 0.025061
0.95947 0.041636
0.95807 0.0416
0.95804 0.041595
0.95738 0.025246
0.95795 0.041575
0.87229 0.027428
0.95793 0.041592
0.95803 0.041595
0.95945 0.026537
0.83607 0.032564
0.85574 0.028406
0.85084 0.032562
0.95796 0.041516
0.95866 0.041399
0.9594 0.028156
0.95792 0.041646
0.95818 0.031364
0.95809 0.041689
0.95793 0.041647
0.95793 0.041623
0.96051 0.03216
0.95932 0.041776
0.96304 0.033526
0.96272 0.04034
0.95805 0.041519
0.96181 0.042534
