340
0.020971 0.022114
0.026849 0.035108
0.034819 0.022845
0.031085 0.043184
0.037195 0.043294
0.041684 0.021075
0.044179 0.032123
0.051188 0.028629
0.056062 0.043765
0.043799 0.043414
0.050561 0.043561
0.061996 0.023892
0.060039 0.043913
0.072357 0.02286
0.069823 0.044341
0.066086 0.044141
0.07018 0.044366
0.084176 0.022301
0.080707 0.045141
0.089337 0.024415
0.087641 0.045777
0.091589 0.046359
0.09736 0.026547
0.10154 0.047991
0.10772 0.027087
0.10868 0.049401
0.10135 0.047959
0.10553 0.048758
0.11531 0.030286
0.11204 0.049851
0.12241 0.0265
0.1194 0.05111
0.11184 0.049825
0.12224 0.051888
0.12803 0.032552
0.13038 0.037345
0.13346 0.022811
0.13464 0.056094
0.12929 0.053312
0.13229 0.054999
0.14013 0.033761
0.13945 0.043151
0.14687 0.023021
0.14548 0.054681
0.13784 0.057384
0.1486 0.037952
0.14049 0.066495
0.15244 0.038731
0.14356 0.067251
0.15642 0.046527
0.14916 0.064776
0.15808 0.024017
0.14343 0.07405
0.12229 0.076463
0.14998 0.073377
0.16036 0.025264
0.15507 0.073136
0.16488 0.039417
0.15994 0.07493
0.15386 0.073168
0.15928 0.073853
0.16753 0.024678
0.15911 0.077952
0.17377 0.042224
0.15546 0.080826
0.15713 0.079883
0.17577 0.035718
0.14578 0.083935
0.18119 0.05155
0.17905 0.072716
0.14517 0.084038
0.13724 0.084707
0.18262 0.039164
0.17906 0.074445
0.18439 0.042192
0.15989 0.084317
0.116 0.085942
0.18593 0.036174
0.11655 0.087517
0.1875 0.039064
0.17103 0.082771
0.11619 0.087125
0.11776 0.088582
0.19153 0.059093
0.11149 0.089486
0.19232 0.051496
0.16096 0.087731
0.11589 0.089806
0.099643 0.089313
0.19451 0.055418
0.091502 0.093637
0.19341 0.042123
0.087214 0.099353
0.089001 0.096643
0.20147 0.064734
0.083986 0.1044
0.19794 0.069841
0.11783 0.094982
0.07846 0.11362
0.2055 0.060902
0.10211 0.097543
0.20027 0.051957
0.099301 0.099757
0.075136 0.15982
0.2019 0.069079
0.059713 0.19728
0.2007 0.050064
0.054414 0.20426
0.059151 0.19799
0.056342 0.20136
0.20667 0.06688
0.093746 0.10643
0.17076 0.092534
0.054365 0.20586
0.053916 0.20529
0.21068 0.066064
0.11268 0.10118
0.21427 0.057063
0.081196 0.16123
0.091605 0.1114
0.1257 0.10219
0.20108 0.040326
0.15218 0.096034
0.20288 0.031046
0.20909 0.04724
0.14785 0.096449
0.22286 0.054262
0.20059 0.076454
0.22819 0.049236
0.15255 0.096839
0.08934 0.11544
0.2283 0.048565
0.22944 0.025836
0.23116 0.045985
0.23574 0.05316
0.24311 0.028242
0.23042 0.027749
0.22613 0.037972
0.23324 0.032041
0.22801 0.030937
0.28642 0.024864
0.24977 0.020229
0.24361 0.021051
0.44709 0.020136
0.50037 0.020302
0.20969 0.043117
0.38143 0.021286
0.21432 0.040359
0.3447 0.021409
0.21441 0.040464
0.21586 0.041051
0.29213 0.021455
0.38821 0.023346
0.26614 0.023591
0.31594 0.022348
0.35261 0.022397
0.50577 0.022146
0.27342 0.024417
0.35022 0.023972
0.41062 0.024895
0.40949 0.025898
0.359 0.025972
0.32419 0.024278
0.46878 0.023518
0.49957 0.024141
0.31799 0.024635
0.4169 0.027641
0.67892 0.02017
0.70649 0.020328
0.78703 0.021406
0.78344 0.045334
0.73695 0.021166
0.78038 0.047435
0.71546 0.021067
0.78249 0.043684
0.6044 0.021137
0.64878 0.022986
0.78276 0.043407
0.78634 0.03338
0.61102 0.021612
0.55555 0.023845
0.78558 0.034515
0.76221 0.022326
0.65015 0.024678
0.64718 0.025581
0.76404 0.022929
0.6746 0.024822
0.54058 0.027682
0.63402 0.02565
0.65894 0.027125
0.7129 0.023662
0.58354 0.02388
0.79609 0.028626
0.77642 0.049064
0.7841 0.058657
0.76168 0.052979
0.7704 0.049871
0.76121 0.051633
0.77872 0.04625
0.76902 0.046547
0.84721 0.092017
0.77287 0.045533
0.77209 0.044387
0.87549 0.09438
0.88125 0.11774
0.78072 0.027428
0.77942 0.03024
0.83868 0.090853
0.77147 0.040152
0.73852 0.025833
0.73367 0.02714
0.76717 0.036878
0.79824 0.032948
0.77842 0.06432
0.79497 0.048793
0.87774 0.092665
0.85365 0.092284
0.89087 0.16669
0.87302 0.092952
0.88138 0.11636
0.88129 0.11646
0.83792 0.090694
0.76097 0.056673
0.78996 0.06476
0.8846 0.12472
0.78941 0.071331
0.91376 0.19943
0.91233 0.19691
0.9137 0.19897
0.79288 0.078403
0.88378 0.13729
0.80824 0.085353
0.9081 0.1845
0.91305 0.19667
0.90676 0.18236
0.79722 0.053582
0.89483 0.16496
0.79856 0.078075
0.86454 0.089789
0.88842 0.15504
0.79906 0.072539
0.88363 0.093492
0.8025 0.077845
0.89248 0.13912
0.89354 0.13614
0.80492 0.036289
0.87502 0.08734
0.80879 0.07768
0.89586 0.11382
0.89473 0.12644
0.89583 0.11443
0.80762 0.029037
0.89234 0.10048
0.81002 0.067763
0.88733 0.0893
0.88987 0.095061
0.88749 0.08963
0.80912 0.046234
0.82133 0.079055
0.81165 0.059444
0.8735 0.082868
0.88239 0.085279
0.8146 0.046695
0.81701 0.067428
0.81596 0.036857
0.8244 0.07189
0.87149 0.082339
0.86953 0.081524
0.81889 0.03499
0.86072 0.081565
0.82228 0.05275
0.82814 0.069248
0.82376 0.034168
0.82954 0.067489
0.82777 0.046672
0.84858 0.077104
0.84834 0.077716
0.82831 0.032503
0.84833 0.075674
0.83122 0.031044
0.84896 0.073455
0.8484 0.075869
0.84906 0.073232
0.8364 0.032574
0.84909 0.071044
0.84021 0.035225
0.84949 0.068644
0.84939 0.068993
0.84246 0.026753
0.85154 0.06582
0.84945 0.028195
0.84675 0.044063
0.8506 0.066328
0.85394 0.064732
0.85531 0.030442
0.85562 0.063118
0.86053 0.028525
0.85792 0.041038
0.8561 0.062646
0.85966 0.060447
0.86307 0.025801
0.86519 0.056293
0.86984 0.025991
0.86989 0.054653
0.86569 0.056049
0.87281 0.053684
0.87683 0.022226
0.87505 0.05274
0.88475 0.030263
0.88122 0.050481
0.88273 0.050028
0.89609 0.024333
0.89521 0.035493
0.89984 0.024072
0.89762 0.046735
0.89456 0.04704
0.89952 0.046586
0.90741 0.022144
0.90779 0.045966
0.91961 0.027132
0.91685 0.045281
0.90839 0.045923
0.93137 0.023256
0.93026 0.032613
0.94023 0.028015
0.93584 0.032558
0.93005 0.044235
0.93468 0.044083
0.94994 0.025002
0.94969 0.043841
0.9557 0.0287
0.95307 0.043787
0.94972 0.04384
0.95236 0.043798
0.96905 0.026537
0.966 0.043577
0.97534 0.02536
0.97417 0.033041
0.9627 0.043631
0.97197 0.043509
