340
0.024988 0.020412
0.043205 0.022683
0.099022 0.020697
0.034401 0.02673
0.042798 0.026216
0.1301 0.020248
0.11593 0.022841
0.16163 0.021873
0.073754 0.026656
0.053936 0.025831
0.065067 0.025938
0.20931 0.021792
0.079515 0.027247
0.22495 0.022612
0.088605 0.029083
0.085073 0.028255
0.088955 0.029144
0.23505 0.022851
0.1101 0.028439
0.23877 0.025851
0.14113 0.026751
0.16237 0.025826
0.24231 0.02884
0.19878 0.027995
0.24928 0.029849
0.20471 0.029279
0.19854 0.027954
0.20277 0.028804
0.24745 0.033781
0.20564 0.029579
0.26148 0.027227
0.21069 0.030775
0.20555 0.029556
0.21165 0.03121
0.25653 0.033699
0.24546 0.039531
0.27396 0.022557
0.21736 0.033905
0.21681 0.033171
0.21772 0.033758
0.27637 0.032184
0.25043 0.04077
0.29159 0.021507
0.26168 0.038573
0.21983 0.035416
0.29594 0.027961
0.25528 0.041403
0.30401 0.029018
0.27222 0.041444
0.30422 0.03363
0.29002 0.036549
0.31481 0.022281
0.23134 0.043186
0.18809 0.029894
0.24458 0.045212
0.31819 0.023166
0.26636 0.042182
0.31649 0.032914
0.29399 0.039294
0.25965 0.042657
0.28906 0.039613
0.32993 0.022356
0.29797 0.039258
0.32338 0.034048
0.30002 0.039256
0.29915 0.039267
0.34548 0.026696
0.3036 0.039381
0.33327 0.031236
0.31899 0.039551
0.30363 0.039388
0.29977 0.039514
0.35971 0.027964
0.32039 0.039439
0.36151 0.029004
0.32049 0.041469
0.17894 0.029795
0.37185 0.025746
0.13108 0.031669
0.37502 0.026466
0.33946 0.035111
0.13617 0.031467
0.12116 0.032018
0.36745 0.03349
0.077219 0.030283
0.38095 0.031427
0.34712 0.039157
0.090971 0.03298
0.054107 0.029407
0.38328 0.033336
0.039252 0.031376
0.39077 0.027444
0.039303 0.033974
0.037211 0.03313
0.38674 0.03762
0.04334 0.03439
0.38787 0.038364
0.21822 0.038114
0.046775 0.034594
0.39135 0.036423
0.090769 0.033781
0.39874 0.030247
0.075454 0.031432
0.047025 0.034951
0.39215 0.038702
0.045362 0.035389
0.40347 0.029302
0.045276 0.035443
0.045274 0.0354
0.045038 0.035437
0.39815 0.03738
0.076688 0.032187
0.33174 0.041413
0.049036 0.035277
0.04568 0.035431
0.40544 0.037627
0.26652 0.04468
0.41192 0.03634
0.085481 0.033764
0.16469 0.03028
0.27562 0.043977
0.41639 0.025738
0.3595 0.043448
0.42864 0.023173
0.42291 0.030588
0.35788 0.043949
0.41954 0.040163
0.3829 0.039798
0.42515 0.04184
0.3455 0.041675
0.19223 0.032475
0.42636 0.041626
0.43881 0.032648
0.42755 0.042125
0.4018 0.038483
0.44754 0.037236
0.43884 0.037631
0.43305 0.039681
0.44432 0.038657
0.43709 0.041692
0.39749 0.04889
0.45587 0.02048
0.45254 0.021995
0.5247 0.020107
0.53044 0.020259
0.43024 0.027253
0.51046 0.023169
0.43418 0.028461
0.50556 0.024657
0.43413 0.028509
0.43366 0.029593
0.46957 0.025018
0.51103 0.027059
0.45684 0.030238
0.48106 0.025357
0.50448 0.025934
0.52877 0.022162
0.44568 0.041125
0.49595 0.027488
0.51768 0.025902
0.51589 0.027725
0.45722 0.038156
0.48198 0.030946
0.52533 0.023528
0.52715 0.024938
0.47546 0.03267
0.52141 0.027357
0.54239 0.022338
0.54462 0.029387
0.55259 0.022955
0.5619 0.033326
0.54603 0.034627
0.56463 0.034652
0.5361 0.041942
0.5607 0.036153
0.53718 0.026012
0.5197 0.040874
0.56044 0.036151
0.55278 0.04095
0.53687 0.028645
0.5342 0.022245
0.55272 0.042399
0.54438 0.047145
0.48636 0.03961
0.47254 0.039232
0.54649 0.049176
0.45596 0.041732
0.53294 0.0229
0.49084 0.039791
0.44298 0.047598
0.44176 0.048905
0.53546 0.027536
0.57224 0.022576
0.56822 0.036526
0.5821 0.035033
0.59215 0.047334
0.57361 0.040697
0.59131 0.047211
0.5641 0.037082
0.57273 0.042362
0.61955 0.047109
0.56939 0.041505
0.57134 0.04337
0.64501 0.039588
0.73007 0.047538
0.55124 0.049032
0.5581 0.049767
0.62307 0.044429
0.57546 0.046432
0.50656 0.044896
0.46534 0.040456
0.57935 0.046655
0.58142 0.023549
0.59421 0.04071
0.58999 0.029885
0.66029 0.040675
0.62333 0.041972
0.8502 0.029518
0.63671 0.039079
0.72093 0.043782
0.7213 0.043791
0.62291 0.04461
0.59471 0.045077
0.60791 0.044856
0.7446 0.042233
0.61564 0.046149
0.93231 0.031492
0.90486 0.032204
0.93673 0.031438
0.62677 0.037024
0.82251 0.031231
0.65875 0.038531
0.95488 0.03501
0.9456 0.032715
0.9554 0.035161
0.604 0.039165
0.95701 0.035642
0.64838 0.034899
0.72949 0.046873
0.95728 0.03572
0.63116 0.033651
0.75466 0.037926
0.65787 0.035989
0.95465 0.034764
0.95347 0.034392
0.60046 0.02844
0.75158 0.037843
0.67375 0.039989
0.94861 0.032324
0.94962 0.033229
0.94846 0.03232
0.60382 0.0241
0.94618 0.031331
0.65789 0.033224
0.93395 0.029462
0.94368 0.030593
0.93549 0.02948
0.61679 0.028281
0.70416 0.042371
0.6507 0.030617
0.8543 0.028534
0.90508 0.03103
0.63891 0.027055
0.68446 0.040649
0.62964 0.024435
0.71326 0.04026
0.81427 0.03167
0.79962 0.033646
0.64063 0.024114
0.78134 0.035114
0.68438 0.037657
0.72791 0.044675
0.65701 0.024975
0.72831 0.044469
0.69397 0.03944
0.75189 0.035265
0.74911 0.036054
0.66899 0.025779
0.75575 0.034872
0.67474 0.026164
0.7727 0.034054
0.75526 0.034898
0.77426 0.034017
0.68273 0.028489
0.78423 0.033581
0.6926 0.031609
0.79639 0.03248
0.7944 0.032798
0.69117 0.025049
0.80929 0.030605
0.69992 0.026314
0.73297 0.042868
0.8043 0.031261
0.82852 0.027675
0.70924 0.02686
0.84444 0.026865
0.71628 0.026967
0.73853 0.036669
0.84832 0.026822
0.86394 0.027354
0.71942 0.025284
0.87454 0.027444
0.72679 0.026118
0.88841 0.027145
0.87591 0.027374
0.89824 0.027416
0.7324 0.02257
0.90512 0.027579
0.75025 0.026686
0.91529 0.027399
0.91775 0.027296
0.75399 0.023045
0.85438 0.02374
0.75868 0.02282
0.94509 0.027944
0.93872 0.026689
0.95001 0.029185
0.76996 0.021322
0.96048 0.032811
0.80323 0.022823
0.96204 0.032666
0.96062 0.03284
0.82406 0.02101
0.90312 0.023869
0.87725 0.02244
0.91087 0.023719
0.96459 0.032439
0.96621 0.033015
0.88689 0.021436
0.97171 0.034096
0.9263 0.022166
0.97256 0.03399
0.97172 0.034095
0.97239 0.034008
0.96079 0.022789
0.97602 0.033928
0.97175 0.023027
0.9743 0.027274
0.9751 0.033924
0.97766 0.033782
