142
0.89305 0.040132
0.8775 0.041199
0.9075 0.040282
0.91305 0.040616
0.94189 0.040709
0.92054 0.04022
0.89391 0.040045
0.92076 0.040614
0.87831 0.040577
0.89424 0.040086
0.91363 0.040327
0.87649 0.041132
0.86824 0.041204
0.87896 0.041135
0.87047 0.040097
0.86445 0.040109
0.85107 0.041334
0.87152 0.04002
0.8654 0.041214
0.85833 0.041447
0.84274 0.041458
0.88524 0.040116
0.92318 0.040861
0.88637 0.041062
0.85129 0.040711
0.87678 0.041088
0.88727 0.040959
0.90229 0.040224
0.85133 0.040017
0.91306 0.040009
0.87605 0.041186
0.87603 0.041059
0.85441 0.041431
0.91547 0.040248
0.87337 0.040105
0.85581 0.041487
0.86985 0.040175
0.86659 0.040072
0.85958 0.041249
0.85652 0.040389
0.85692 0.040069
0.87176 0.041243
0.87084 0.04008
0.85117 0.040114
0.82984 0.040744
0.77358 0.040862
0.84982 0.041408
0.89227 0.040271
0.89125 0.040537
0.93619 0.040972
0.9423 0.040434
0.80954 0.040567
0.86819 0.041354
0.83503 0.040841
0.86774 0.040027
0.82767 0.041405
0.79466 0.040783
0.81163 0.040646
0.84609 0.041485
0.84199 0.040782
0.83748 0.040159
0.78712 0.04066
0.85343 0.041123
0.81948 0.040101
0.84461 0.041268
0.85413 0.041254
0.87657 0.04113
0.8227 0.04137
0.8232 0.041433
0.83917 0.0415
0.85993 0.041342
0.80553 0.040648
0.82027 0.040735
0.799 0.04126
0.7644 0.040703
0.68365 0.041382
0.91524 0.040215
0.95678 0.040496
0.76847 0.040705
0.83885 0.040799
0.93803 0.040684
0.7971 0.041245
0.83528 0.04149
0.86538 0.040036
0.82639 0.041347
0.6868 0.041175
0.82498 0.040675
0.8039 0.040654
0.89763 0.04092
0.77585 0.040967
0.78355 0.040626
0.65205 0.041152
0.89791 0.04066
0.89544 0.040875
0.70179 0.041084
0.76814 0.041005
0.8957 0.040213
0.73568 0.040678
0.75193 0.041165
0.73871 0.040933
0.80749 0.040722
0.50615 0.04103
0.71345 0.041261
0.65511 0.041213
0.58396 0.041035
0.60169 0.041208
0.74055 0.041184
0.6965 0.040413
0.64186 0.041036
0.61987 0.041008
0.72375 0.041191
0.78112 0.04073
0.59428 0.04157
0.66631 0.041339
0.7132 0.041387
0.69817 0.04104
0.72509 0.041209
0.60079 0.041216
0.74842 0.040677
0.83355 0.041445
0.5652 0.041241
0.8007 0.040998
0.49846 0.040579
0.35371 0.040863
0.65776 0.041322
0.33817 0.040681
0.3056 0.040747
0.64125 0.041391
0.66182 0.041251
0.24694 0.040961
0.23709 0.040038
0.655 0.041046
0.68591 0.041021
0.4352 0.041143
0.14863 0.040406
0.27718 0.040962
0.41019 0.040354
0.14686 0.040642
0.40259 0.040494
0.22601 0.040822
0.24529 0.041078
0.16344 0.040393
