73
0.035 0.9299
0.05877 0.93093
0.077846 0.18004
0.10635 0.26316
0.14007 0.28031
0.16088 0.23885
0.17693 0.25827
0.19019 0.24558
0.20809 0.26209
0.2221 0.27153
0.24159 0.25817
0.25509 0.25209
0.26906 0.26354
0.2966 0.26775
0.30289 0.27932
0.32827 0.27619
0.34577 0.27958
0.35604 0.27392
0.37521 0.25488
0.39271 0.23385
0.41454 0.26239
0.42048 0.27908
0.45853 0.2664
0.4643 0.14824
0.46258 0.21083
0.47288 0.28946
0.48914 0.27288
0.49834 0.27385
0.47399 0.2361
0.47991 0.23958
0.48804 0.16088
0.4896 0.26253
0.46396 0.19923
0.47163 0.15355
0.49543 0.14239
0.49219 0.15667
0.50327 0.25818
0.51843 0.25558
0.50732 0.50571
0.51457 0.16701
0.50169 0.12444
0.52768 0.1775
0.53575 0.24137
0.50648 0.1792
0.5123 0.128
0.53568 0.49452
0.52585 0.12517
0.50191 0.17393
0.54804 0.23134
0.55359 0.23806
0.53739 0.32612
0.53132 0.17437
0.58804 0.30206
0.61107 0.23937
0.62902 0.25355
0.63775 0.28293
0.65167 0.28999
0.6738 0.23991
0.68787 0.2533
0.71322 0.28706
0.7299 0.27783
0.75581 0.24638
0.78036 0.223
0.79306 0.23976
0.80333 0.26632
0.83075 0.2672
0.84306 0.25858
0.85597 0.24158
0.88041 0.3446
0.90428 0.92999
0.92352 0.91669
0.94752 0.92439
0.95546 0.92697
