679
0.84157 0.040565
0.83432 0.040626
0.86994 0.040456
0.84354 0.040423
0.8879 0.04047
0.89534 0.040447
0.89836 0.040476
0.8965 0.040556
0.88852 0.040506
0.87882 0.040534
0.88383 0.04049
0.90225 0.040506
0.90929 0.040419
0.8598 0.040569
0.86935 0.040398
0.86989 0.040444
0.86277 0.040558
0.83185 0.040579
0.84309 0.040565
0.8281 0.040428
0.82859 0.040472
0.86836 0.040548
0.83182 0.040685
0.83772 0.040439
0.84421 0.040441
0.82847 0.040465
0.8153 0.040554
0.84966 0.040574
0.83797 0.040622
0.83737 0.040479
0.93476 0.040101
0.8789 0.040484
0.88234 0.040414
0.92038 0.040506
0.93452 0.040501
0.88204 0.040517
0.86096 0.040482
0.89557 0.040565
0.90136 0.040526
0.86431 0.04044
0.84029 0.040572
0.83986 0.040575
0.856 0.040469
0.81838 0.040593
0.83431 0.040619
0.84399 0.040572
0.89643 0.040486
0.74938 0.040016
0.76262 0.040618
0.87039 0.040554
0.8322 0.040589
0.82025 0.040566
0.79178 0.040081
0.86623 0.04043
0.85983 0.040469
0.84797 0.040598
0.8556 0.040571
0.77609 0.040553
0.84035 0.040616
0.89497 0.040418
0.81666 0.040509
0.85854 0.040585
0.85222 0.040555
0.82674 0.040509
0.83217 0.040662
0.82444 0.040587
0.83381 0.040485
0.83438 0.040528
0.88401 0.040538
0.92093 0.040577
0.92365 0.040514
0.88296 0.040503
0.88713 0.040507
0.89731 0.040477
0.88621 0.040415
0.86998 0.0405
0.86201 0.040574
0.88152 0.040422
0.86999 0.040433
0.84619 0.040567
0.83852 0.040564
0.87129 0.040487
0.84901 0.040568
0.83266 0.040637
0.84954 0.040461
0.84575 0.040437
0.82806 0.040473
0.81795 0.040532
0.76964 0.040452
0.87019 0.040577
0.81744 0.040593
0.79621 0.040527
0.79751 0.040579
0.84354 0.040565
0.83931 0.040614
0.77717 0.040505
0.8027 0.040477
0.82429 0.040462
0.8166 0.040551
0.80359 0.040486
0.81174 0.040517
0.84483 0.040567
0.82258 0.040543
0.77991 0.040499
0.74754 0.040022
0.8157 0.040542
0.80529 0.040146
0.8471 0.040603
0.83472 0.040461
0.8198 0.040546
0.85261 0.040555
0.84351 0.040455
0.84759 0.040611
0.82086 0.040428
0.91154 0.040449
0.87852 0.040459
0.92599 0.040035
0.92376 0.040216
0.87845 0.040521
0.91325 0.040536
0.9359 0.040132
0.93622 0.04008
0.84762 0.04047
0.83554 0.040536
0.91895 0.040002
0.91987 0.040471
0.90877 0.040532
0.83416 0.040484
0.88915 0.040482
0.90509 0.040496
0.77669 0.04003
0.87242 0.040557
0.85463 0.040635
0.89844 0.040499
0.73115 0.04053
0.77654 0.040011
0.88059 0.04051
0.84709 0.040667
0.84002 0.040626
0.71321 0.040575
0.84897 0.040433
0.86945 0.040442
0.67086 0.040567
0.72375 0.040495
0.83016 0.040674
0.83988 0.040606
0.71666 0.040558
0.7335 0.040427
0.85372 0.040572
0.85626 0.040544
0.71883 0.040356
0.83963 0.040455
0.85596 0.040566
0.81446 0.040524
0.78092 0.040568
0.82496 0.040471
0.81597 0.040458
0.84113 0.040573
0.84257 0.040528
0.79712 0.04054
0.81988 0.040564
0.82057 0.040444
0.79855 0.040511
0.8038 0.04049
0.82469 0.040579
0.79919 0.040356
0.86362 0.040391
0.92894 0.040467
0.91016 0.040521
0.81512 0.040541
0.85869 0.040422
0.91473 0.040525
0.88212 0.040414
0.84756 0.040543
0.82665 0.040438
0.87198 0.040386
0.87797 0.040468
0.8301 0.04043
0.84052 0.040623
0.85807 0.040563
0.89959 0.040531
0.86182 0.040478
0.91551 0.040525
0.82114 0.040561
0.73173 0.040526
0.68544 0.040581
0.72061 0.040528
0.87933 0.040501
0.81231 0.040533
0.67572 0.040528
0.70882 0.040591
0.84148 0.04057
0.86895 0.040379
0.73943 0.040502
0.74405 0.040011
0.79321 0.04008
0.84042 0.040439
0.64036 0.04051
0.66362 0.040163
0.79185 0.04052
0.8479 0.040493
0.71193 0.040552
0.70123 0.040024
0.8254 0.040544
0.79409 0.040567
0.66453 0.040157
0.77501 0.040467
0.78835 0.040471
0.77302 0.040559
0.66033 0.040157
0.75344 0.040643
0.7668 0.040473
0.71825 0.04002
0.73334 0.040438
0.66299 0.040524
0.78907 0.04008
0.75837 0.040544
0.78708 0.040466
0.80052 0.04044
0.78608 0.04056
0.82862 0.040523
0.86429 0.040494
0.95056 0.040205
0.90314 0.040414
0.89798 0.040495
0.86672 0.040542
0.88168 0.040485
0.88084 0.04044
0.92337 0.040002
0.91897 0.040496
0.87266 0.040465
0.85135 0.040635
0.89086 0.040533
0.83717 0.040652
0.79842 0.040155
0.86292 0.040465
0.85386 0.040562
0.80253 0.040501
0.79625 0.040497
0.86661 0.040553
0.86786 0.040505
0.79447 0.040498
0.81541 0.040588
0.81206 0.040503
0.86926 0.040447
0.83481 0.040623
0.76093 0.040524
0.86476 0.040443
0.86353 0.040401
0.85814 0.04058
0.73899 0.040421
0.77197 0.04058
0.84145 0.040481
0.84162 0.04061
0.80976 0.040458
0.85372 0.04048
0.82518 0.040506
0.84239 0.040499
0.77386 0.040513
0.66081 0.040003
0.82319 0.040598
0.79182 0.040045
0.77699 0.040033
0.84084 0.040657
0.81455 0.040469
0.6558 0.040512
0.66465 0.04056
0.71135 0.04056
0.72368 0.040501
0.7715 0.040527
0.77959 0.040709
0.80375 0.040537
0.82861 0.04057
0.75895 0.040655
0.76513 0.04067
0.80395 0.040458
0.83793 0.040601
0.82168 0.040557
0.8529 0.040454
0.95993 0.040579
0.75287 0.040005
0.6945 0.040525
0.82013 0.040529
0.80983 0.040501
0.67103 0.040535
0.6929 0.040534
0.86023 0.040426
0.88185 0.040468
0.73138 0.04048
0.90183 0.040514
0.82242 0.040507
0.76453 0.04054
0.92719 0.040007
0.91651 0.040004
0.91449 0.040454
0.86392 0.040535
0.9127 0.040509
0.86793 0.040417
0.83682 0.040438
0.57801 0.040497
0.88976 0.040447
0.86033 0.040411
0.73877 0.040444
0.6691 0.040181
0.89664 0.040445
0.84375 0.040649
0.78569 0.040558
0.76285 0.040611
0.84884 0.040427
0.86488 0.040407
0.65099 0.040024
0.64832 0.040566
0.82682 0.040506
0.8326 0.040677
0.70987 0.040508
0.86151 0.040572
0.85369 0.04057
0.85258 0.040405
0.63274 0.040589
0.64724 0.040499
0.83266 0.04066
0.82279 0.040045
0.68669 0.04002
0.68369 0.040484
0.83358 0.040657
0.83244 0.040591
0.71941 0.040359
0.79145 0.04057
0.83641 0.040615
0.81524 0.040506
0.81621 0.040541
0.75073 0.040526
0.83666 0.040553
0.80206 0.040515
0.78775 0.040016
0.81955 0.040562
0.81237 0.040515
0.81401 0.040487
0.79806 0.040541
0.80894 0.040503
0.69999 0.040566
0.79616 0.040092
0.67043 0.040545
0.68774 0.040544
0.68177 0.040186
0.82207 0.040514
0.87294 0.040465
0.80854 0.040461
0.95991 0.041409
0.88825 0.040427
0.86365 0.040437
0.78613 0.04001
0.83449 0.04055
0.8764 0.040421
0.9066 0.040514
0.85855 0.040452
0.85939 0.04054
0.80072 0.040107
0.82066 0.040449
0.76519 0.040526
0.8538 0.040562
0.84774 0.040564
0.75601 0.040606
0.89105 0.040565
0.85401 0.040436
0.74391 0.040546
0.81712 0.040464
0.69313 0.040482
0.80344 0.040554
0.84968 0.040493
0.81299 0.040537
0.78155 0.040002
0.68863 0.040495
0.81713 0.040486
0.83578 0.0406
0.66923 0.040164
0.80543 0.040358
0.83616 0.040554
0.81971 0.040599
0.7861 0.040585
0.72239 0.040026
0.79367 0.040083
0.80093 0.040535
0.70893 0.040543
0.69322 0.040525
0.80133 0.04044
0.75103 0.040461
0.66733 0.040514
0.67172 0.040072
0.75809 0.040528
0.75776 0.040621
0.66474 0.040566
0.67477 0.040594
0.7161 0.040562
0.72693 0.040596
0.84754 0.040431
0.68792 0.040573
0.72458 0.040504
0.69789 0.04052
0.67733 0.040591
0.79093 0.040542
0.70041 0.040034
0.54132 0.040577
0.79184 0.040562
0.70813 0.040019
0.78242 0.040017
0.89809 0.040571
0.87132 0.040498
0.90363 0.040517
0.90423 0.040541
0.88543 0.040521
0.89522 0.040488
0.89098 0.040414
0.88549 0.040475
0.86517 0.040482
0.70299 0.040519
0.87686 0.040538
0.88761 0.040423
0.87388 0.040518
0.85826 0.040464
0.62225 0.040543
0.92111 0.040037
0.86015 0.040394
0.87047 0.040564
0.86483 0.040541
0.82948 0.04068
0.87388 0.040412
0.87985 0.040503
0.57837 0.040021
0.84755 0.040589
0.84189 0.040469
0.73673 0.040539
0.85068 0.040452
0.84939 0.040597
0.83668 0.040629
0.84045 0.040509
0.71846 0.040577
0.83408 0.040507
0.83367 0.040596
0.83274 0.04057
0.54498 0.04067
0.81723 0.040582
0.80369 0.040144
0.83581 0.040632
0.8228 0.040491
0.83098 0.040678
0.8243 0.040426
0.58798 0.040599
0.63438 0.040506
0.81056 0.040561
0.76133 0.040512
0.76907 0.040553
0.74671 0.040554
0.78101 0.040759
0.71235 0.040039
0.73509 0.040487
0.81724 0.040526
0.66101 0.040585
0.75814 0.040527
0.74494 0.040594
0.94501 0.040153
0.88986 0.040489
0.60254 0.040651
0.85677 0.040563
0.89511 0.040543
0.85343 0.040595
0.84552 0.040553
0.78093 0.040002
0.85388 0.040596
0.84807 0.040621
0.89802 0.040464
0.79468 0.040063
0.81828 0.040481
0.82395 0.040555
0.8629 0.040608
0.81112 0.040518
0.84493 0.040569
0.80413 0.040364
0.79846 0.040473
0.68271 0.040579
0.79403 0.04052
0.81435 0.040544
0.71557 0.040562
0.69832 0.040562
0.84217 0.04057
0.82566 0.040517
0.74726 0.040504
0.73205 0.040463
0.7985 0.040552
0.82263 0.040549
0.65137 0.040054
0.67642 0.04017
0.81745 0.040492
0.80588 0.040443
0.75335 0.040577
0.67977 0.040201
0.81918 0.040438
0.78604 0.040077
0.69045 0.040474
0.72536 0.040005
0.77408 0.040461
0.76716 0.040587
0.66603 0.04017
0.65703 0.040031
0.78129 0.040027
0.74695 0.040626
0.68683 0.040017
0.6257 0.040535
0.67927 0.04018
0.70014 0.040585
0.74486 0.040464
0.90104 0.040554
0.66391 0.040526
0.68373 0.040592
0.68504 0.04019
0.71169 0.04053
0.79672 0.040538
0.67728 0.040155
0.78985 0.040472
0.84154 0.040475
0.93018 0.040458
0.84178 0.040446
0.84446 0.040478
0.7949 0.040565
0.81498 0.040135
0.87767 0.040381
0.83909 0.040502
0.87339 0.04046
0.79121 0.040536
0.85647 0.040431
0.87238 0.040381
0.86617 0.040394
0.8094 0.040552
0.80747 0.040149
0.82798 0.04048
0.65888 0.040153
0.74021 0.040447
0.75431 0.040529
0.80221 0.040137
0.82954 0.040487
0.84713 0.040601
0.78023 0.040699
0.83653 0.040633
0.86911 0.040453
0.77832 0.040732
0.68577 0.040051
0.82535 0.040508
0.82445 0.040507
0.78577 0.040463
0.76618 0.040582
0.81322 0.040543
0.6093 0.040552
0.69242 0.04051
0.77505 0.040689
0.82977 0.040495
0.62978 0.040497
0.80087 0.040574
0.72996 0.040539
0.76948 0.040684
0.71678 0.040544
0.56046 0.040629
0.6926 0.040504
0.69057 0.040553
0.68669 0.040004
0.62192 0.040619
0.8134 0.040508
0.83591 0.040571
0.64269 0.040056
0.81586 0.04049
0.68762 0.040026
0.65837 0.040025
0.76733 0.040595
0.76912 0.040588
0.60153 0.040608
0.58781 0.040015
0.76602 0.040549
0.7401 0.040553
0.59045 0.040518
0.60072 0.040605
0.7332 0.040563
0.69516 0.040482
0.53348 0.040544
0.60533 0.040773
0.78199 0.040025
0.71145 0.040563
0.59806 0.040685
0.68333 0.040559
0.6913 0.04054
0.71697 0.040523
0.51984 0.040704
0.59726 0.040676
0.68011 0.040503
0.60055 0.040641
0.54022 0.040603
0.56953 0.040479
0.69938 0.040001
0.6534 0.040036
0.60018 0.040666
0.56038 0.040628
0.6935 0.040398
0.68017 0.040174
0.5628 0.040713
0.56714 0.040586
0.61402 0.040598
0.5154 0.040522
0.63313 0.040523
0.52681 0.040649
0.54932 0.040619
0.84947 0.040589
0.75409 0.040537
0.75344 0.040478
0.64781 0.040042
0.64343 0.040541
0.68715 0.040517
0.67218 0.040046
0.61918 0.040563
0.60402 0.040807
0.68026 0.040548
0.61289 0.040541
0.69741 0.040602
0.62995 0.040382
0.61648 0.040574
0.66235 0.040056
0.653 0.040411
0.70122 0.040566
0.62023 0.040169
0.56123 0.040636
0.5894 0.040586
0.59431 0.040545
0.76236 0.040666
0.58232 0.040685
0.63881 0.040059
0.58691 0.040002
0.55452 0.04063
0.55856 0.040578
0.6041 0.040783
0.6497 0.040051
0.52767 0.0406
0.73077 0.04047
0.47458 0.040471
0.68071 0.040037
0.57045 0.040483
0.63186 0.040466
0.75915 0.040631
0.54901 0.040605
0.59628 0.0406
0.63795 0.040583
0.71552 0.040567
0.73342 0.040445
0.71687 0.040536
0.73279 0.040516
0.70764 0.040597
0.61911 0.040519
0.60867 0.040723
0.65012 0.040551
0.6674 0.040541
0.67699 0.040579
0.63468 0.040002
0.57168 0.040782
0.67587 0.040197
0.63398 0.040476
0.66847 0.040051
0.49371 0.040153
0.70337 0.040398
0.60359 0.0407
0.5801 0.040648
0.66759 0.040573
0.73956 0.040478
0.66504 0.040561
0.74665 0.040574
0.74229 0.040548
0.62825 0.040373
0.64364 0.040536
0.74536 0.040503
0.61969 0.040545
0.69993 0.040556
0.70986 0.04038
0.72556 0.040535
0.72774 0.040491
