340
0.021017 0.022018
0.027168 0.034421
0.035525 0.02271
0.031582 0.042127
0.037967 0.042164
0.042737 0.02102
0.045368 0.031494
0.052786 0.028136
0.057886 0.042254
0.04492 0.042205
0.05207 0.042242
0.064311 0.023609
0.062114 0.042263
0.0756 0.022602
0.072687 0.042316
0.068649 0.042276
0.073073 0.04232
0.088768 0.022038
0.084585 0.042457
0.09464 0.023844
0.092495 0.042598
0.096999 0.042702
0.10388 0.025486
0.10877 0.04298
0.11671 0.025644
0.11765 0.043247
0.10854 0.042974
0.11373 0.043128
0.12632 0.028052
0.12184 0.043377
0.13552 0.024997
0.13195 0.043824
0.12158 0.043369
0.13605 0.044094
0.14283 0.029524
0.14616 0.033085
0.15008 0.022107
0.15534 0.046876
0.14632 0.044892
0.15159 0.046003
0.15916 0.030305
0.15863 0.037352
0.16797 0.022307
0.16809 0.046912
0.16012 0.048213
0.1704 0.033794
0.17068 0.057892
0.17528 0.034626
0.17409 0.05907
0.18014 0.041337
0.17787 0.056624
0.18236 0.023228
0.18036 0.067744
0.17311 0.073644
0.18454 0.066863
0.18518 0.02428
0.18877 0.066862
0.19043 0.036142
0.19494 0.069376
0.18772 0.066824
0.19326 0.068047
0.19381 0.023941
0.19751 0.072819
0.20076 0.039356
0.19849 0.076706
0.1982 0.075074
0.20325 0.033783
0.1984 0.084019
0.20895 0.04865
0.21023 0.071333
0.19832 0.084351
0.19707 0.08796
0.21074 0.037311
0.21125 0.073571
0.21255 0.040319
0.20606 0.085797
0.19108 0.10118
0.21442 0.034841
0.19249 0.1044
0.21597 0.03761
0.21119 0.085001
0.19207 0.10381
0.19367 0.10592
0.21899 0.059266
0.19148 0.1123
0.22016 0.051343
0.20951 0.093918
0.19369 0.10973
0.18361 0.1192
0.22171 0.056463
0.17753 0.12758
0.22183 0.0413
0.17459 0.1352
0.17574 0.13169
0.22567 0.07349
0.1727 0.14171
0.22502 0.079517
0.19625 0.11839
0.16999 0.15322
0.22787 0.069781
0.18641 0.13005
0.22647 0.054678
0.18457 0.13385
0.16458 0.18389
0.22731 0.081109
0.14819 0.21357
0.2271 0.052446
0.14481 0.22123
0.14787 0.21433
0.14611 0.21805
0.22947 0.080203
0.18141 0.14356
0.21596 0.10742
0.14525 0.22297
0.14448 0.22235
0.23159 0.080686
0.19395 0.13092
0.2337 0.068869
0.17214 0.18624
0.1809 0.15027
0.20168 0.12957
0.22898 0.039877
0.21071 0.11555
0.23225 0.03093
0.23341 0.051442
0.20943 0.11677
0.23939 0.069731
0.22915 0.095601
0.24266 0.063556
0.21111 0.11793
0.18013 0.15582
0.24279 0.062067
0.26449 0.025912
0.24486 0.056523
0.24719 0.073001
0.28152 0.027007
0.26578 0.02767
0.2498 0.040312
0.26716 0.031473
0.26132 0.031618
0.32417 0.026652
0.28924 0.020207
0.28212 0.020896
0.46343 0.020159
0.49998 0.02051
0.23504 0.045278
0.4065 0.021692
0.23935 0.04175
0.37841 0.02189
0.23936 0.041952
0.24006 0.04329
0.32816 0.02205
0.41166 0.024285
0.30618 0.023534
0.35669 0.022801
0.38447 0.023113
0.50332 0.023557
0.31366 0.02479
0.38262 0.025185
0.43049 0.025715
0.42949 0.026857
0.38947 0.027725
0.36383 0.025645
0.48089 0.02486
0.49952 0.027021
0.35878 0.025652
0.43588 0.029127
0.64002 0.020221
0.66876 0.02044
0.75174 0.021327
0.75264 0.045356
0.70482 0.021374
0.75076 0.048796
0.67787 0.02128
0.75129 0.043793
0.5835 0.021495
0.61469 0.023458
0.75144 0.043399
0.75192 0.032656
0.58839 0.022334
0.54281 0.023853
0.75147 0.033825
0.72959 0.023105
0.61594 0.025379
0.61324 0.026534
0.73093 0.023841
0.63615 0.026353
0.52847 0.028592
0.60267 0.028079
0.62365 0.028549
0.67467 0.024568
0.56581 0.025724
0.7619 0.027512
0.74845 0.052436
0.75623 0.060071
0.74304 0.069607
0.74519 0.057112
0.74225 0.067448
0.74907 0.04807
0.74298 0.053468
0.78883 0.10975
0.74465 0.049959
0.74367 0.048885
0.80088 0.12148
0.8022 0.14382
0.74521 0.027615
0.74416 0.030688
0.78573 0.10873
0.74142 0.043474
0.70652 0.02698
0.70159 0.028177
0.73702 0.040735
0.76481 0.031137
0.75385 0.071922
0.7642 0.046545
0.80318 0.11927
0.79128 0.11006
0.80892 0.19077
0.79956 0.11901
0.80245 0.14274
0.80233 0.14282
0.78547 0.10854
0.74299 0.077028
0.76152 0.066302
0.80591 0.149
0.76146 0.075892
0.82713 0.21889
0.82545 0.21644
0.82722 0.21844
0.76418 0.084299
0.80589 0.15899
0.7747 0.094738
0.82329 0.20463
0.82721 0.21621
0.82228 0.20271
0.76667 0.051503
0.81386 0.18926
0.7685 0.08292
0.79643 0.1086
0.80998 0.18028
0.76861 0.075243
0.80867 0.12062
0.77133 0.082096
0.81477 0.16088
0.8158 0.15826
0.77275 0.033693
0.80289 0.10942
0.7756 0.081019
0.8186 0.14033
0.81721 0.15035
0.81855 0.14084
0.77552 0.027558
0.81836 0.12813
0.77681 0.067773
0.81468 0.11486
0.81717 0.12255
0.81491 0.11541
0.77753 0.042975
0.78297 0.08113
0.77893 0.056934
0.8042 0.098015
0.80966 0.10703
0.78296 0.043143
0.78253 0.066055
0.78514 0.033955
0.78749 0.070401
0.8035 0.095473
0.80336 0.092027
0.78869 0.032277
0.80123 0.085495
0.79004 0.048211
0.79115 0.066216
0.79463 0.031274
0.79287 0.063594
0.79855 0.041104
0.80117 0.074012
0.80032 0.074918
0.80075 0.029587
0.80267 0.071957
0.8047 0.028219
0.80604 0.068545
0.80249 0.072233
0.80643 0.068181
0.81179 0.029093
0.80949 0.064679
0.8175 0.030874
0.81425 0.060312
0.81339 0.060999
0.82039 0.024776
0.82292 0.054203
0.83024 0.025789
0.82759 0.036887
0.82064 0.055357
0.82831 0.052194
0.83875 0.027422
0.83323 0.050594
0.84582 0.026164
0.84324 0.035081
0.83463 0.050191
0.84214 0.048533
0.84931 0.024243
0.8525 0.046692
0.85869 0.024446
0.85939 0.046036
0.85336 0.046587
0.86331 0.045708
0.86789 0.02172
0.8664 0.045455
0.87804 0.028456
0.87468 0.044828
0.87649 0.044713
0.89101 0.023827
0.89018 0.033665
0.89529 0.023623
0.89331 0.043769
0.88984 0.043887
0.89545 0.043729
0.90369 0.021935
0.90446 0.043566
0.91711 0.026618
0.91422 0.043374
0.90511 0.043554
0.92951 0.023107
0.92836 0.032016
0.9388 0.027672
0.93422 0.032003
0.92823 0.043058
0.93311 0.042996
0.94891 0.024803
0.94874 0.042922
0.95491 0.028378
0.95223 0.042905
0.94877 0.042922
0.9515 0.042908
0.96872 0.026339
0.96558 0.042837
0.9752 0.025201
0.97399 0.032653
0.96219 0.042854
0.97174 0.042814
