142
1 0.055662
1 0.047277
1 0.055983
1 0.057037
1 0.062241
1 0.05886
1 0.057538
1 0.045597
1 0.04058
1 0.05611
1 0.042487
1 0.059441
1 0.053118
1 0.046966
1 0.062273
1 0.063615
1 0.05927
1 0.063667
1 0.054635
1 0.049061
1 0.061282
1 0.081789
1 0.051382
1 0.10075
1 0.11048
1 0.050332
1 0.05446
1 0.076454
1 0.085664
1 0.056149
1 0.056937
1 0.079266
1 0.11936
1 0.066474
1 0.06727
1 0.11905
1 0.10214
1 0.079849
1 0.087392
1 0.10129
1 0.13745
1 0.081516
1 0.089951
1 0.11017
1 0.13724
0.81306 0.076841
0.66755 0.043237
0.92348 0.040174
1 0.13174
0.66426 0.040525
0.68783 0.046971
1 0.11239
1 0.13257
0.83529 0.049809
0.75727 0.04262
1 0.16827
1 0.17711
0.96398 0.33432
0.89092 0.040856
1 0.14261
1 0.17537
1 0.12593
1 0.17978
1 0.1747
1 0.16764
1 0.1396
1 0.13674
1 0.15389
1 0.16328
1 0.21553
1 0.22899
0.64847 0.041012
0.65096 0.046999
0.59224 0.040632
0.63782 0.090634
0.54262 0.042564
0.52244 0.041001
0.65581 0.043132
0.56492 0.040624
0.51561 0.040075
0.75349 0.050397
0.82453 0.040588
0.52897 0.040475
0.64848 0.040767
0.8016 0.041823
0.83008 0.041633
0.72018 0.040785
0.82305 0.042856
0.96601 0.30031
0.90464 0.041009
0.84871 0.041261
0.77994 0.04081
1 0.066796
1 0.24129
0.91334 0.040896
0.97138 0.47231
1 0.23849
1 0.20702
0.69519 0.18203
0.68403 0.043028
0.7043 0.058014
0.60258 0.065648
0.56374 0.04174
0.57408 0.042174
0.64354 0.044846
0.62603 0.041463
0.60131 0.042518
0.55598 0.040059
0.59225 0.04067
0.6097 0.042881
0.60182 0.043868
0.55931 0.04065
0.49517 0.041362
0.55042 0.042554
0.72146 0.041163
0.70893 0.040468
0.4941 0.042547
0.52258 0.040963
0.70467 0.040351
0.78637 0.040398
0.55041 0.04055
0.73821 0.047963
0.52478 0.040078
0.33968 0.040504
0.62504 0.051509
0.37248 0.041162
0.28497 0.040352
0.58952 0.040716
0.59962 0.040292
0.26007 0.040344
0.23125 0.040692
0.53591 0.040932
0.51828 0.040667
0.41295 0.041068
0.17877 0.040276
0.33489 0.041352
0.39847 0.042997
0.169 0.040733
0.4262 0.040186
0.25016 0.040735
0.24257 0.040632
0.18221 0.040752
