142
0.87688 0.04081
0.87424 0.041535
0.8763 0.040071
0.85387 0.040721
0.84755 0.042032
0.88369 0.041077
0.87874 0.040484
0.85146 0.040648
0.84981 0.040431
0.87622 0.041944
0.87449 0.041023
0.84776 0.040536
0.84518 0.042034
0.87423 0.041056
0.88447 0.042147
0.84715 0.041834
0.84493 0.040528
0.87911 0.041421
0.85047 0.041803
0.88692 0.041282
0.8515 0.042012
0.86246 0.041153
0.8512 0.040579
0.86646 0.040123
0.87035 0.041228
0.85424 0.040753
0.858 0.040946
0.86501 0.040009
0.86725 0.041522
0.85883 0.040568
0.8571 0.040926
0.86546 0.040076
0.87137 0.040136
0.85841 0.040626
0.85747 0.041408
0.87036 0.041632
0.86707 0.041378
0.86059 0.041088
0.8615 0.041875
0.86555 0.042027
0.87143 0.041275
0.85772 0.041448
0.86037 0.040846
0.86566 0.041029
0.8714 0.042338
0.88004 0.040966
0.84519 0.040627
0.87632 0.041529
0.87585 0.041938
0.84217 0.040658
0.84078 0.041525
0.87947 0.040778
0.8746 0.040973
0.83919 0.041021
0.84265 0.0423
0.88033 0.040073
0.88055 0.041944
0.83896 0.040959
0.84495 0.040132
0.87439 0.041548
0.87887 0.042413
0.83982 0.042362
0.83903 0.042227
0.87844 0.042319
0.87659 0.04106
0.84316 0.041931
0.84518 0.041228
0.87387 0.040022
0.87524 0.041112
0.83874 0.041243
0.84407 0.04009
0.85249 0.040691
0.85297 0.040701
0.85296 0.042177
0.86194 0.041136
0.8652 0.041985
0.84896 0.040139
0.85097 0.041535
0.86259 0.040016
0.86074 0.040636
0.85005 0.040003
0.8486 0.042371
0.86396 0.040602
0.86085 0.040605
0.85364 0.041701
0.85507 0.042347
0.86542 0.042191
0.85834 0.042487
0.84838 0.040406
0.85512 0.040938
0.85808 0.041908
0.8648 0.041915
0.85386 0.041475
0.85415 0.040438
0.86364 0.040067
0.8642 0.042492
0.85505 0.040425
0.85921 0.040106
0.86977 0.042235
0.87555 0.040673
0.87853 0.04141
0.83923 0.04068
0.8682 0.04008
0.87035 0.040149
0.8783 0.040045
0.83382 0.040485
0.8741 0.040489
0.87529 0.04114
0.83219 0.040579
0.83654 0.040433
0.86801 0.040126
0.87373 0.0405
0.83416 0.040436
0.87794 0.042113
0.86819 0.040967
0.86994 0.04054
0.87971 0.041445
0.83558 0.042071
0.87495 0.04081
0.87277 0.042149
0.83898 0.042084
0.87817 0.040672
0.84038 0.041533
0.84963 0.040707
0.83915 0.040468
0.84839 0.040465
0.85521 0.041101
0.83993 0.042232
0.83961 0.040697
0.85912 0.040554
0.8599 0.040533
0.83949 0.04065
0.84048 0.042523
0.8507 0.042042
0.85674 0.040891
0.84536 0.041869
0.8466 0.041695
0.85594 0.04124
0.84448 0.042444
0.85933 0.04107
0.86041 0.041524
0.859 0.04222
