372
0 0.044801
0.0067806 0.04185
0.022471 0.028757
0.015255 0.042189
0.64571 0.041757
0.44217 0.026296
0.30033 0.034797
0.21707 0.030733
0.72894 0.041884
0.6507 0.04179
0.64685 0.041768
0.30925 0.027512
0.87246 0.042456
0.6096 0.026956
0.8158 0.041804
0.65507 0.041749
0.80474 0.041765
0.4339 0.026737
0.88917 0.042185
0.48129 0.027619
0.82927 0.042008
0.6548 0.041728
0.30432 0.028531
0.67321 0.040009
0.27983 0.02857
0.64471 0.041792
0.67325 0.040008
0.67494 0.040012
0.23935 0.03021
0.88922 0.042439
0.27453 0.028091
0.94753 0.042371
0.89296 0.04224
0.88092 0.042352
0.24513 0.031164
0.32253 0.034985
0.52328 0.026578
0.95736 0.041004
0.77634 0.04198
0.77985 0.041853
0.22747 0.030708
0.46568 0.039125
0.57536 0.026317
0.48054 0.038426
0.95667 0.04086
0.26379 0.028596
0.49044 0.039945
0.24765 0.028288
0.39552 0.037873
0.19755 0.031101
0.52327 0.040475
0.52731 0.026365
0.78255 0.042642
0.80667 0.041766
0.78881 0.041905
0.51251 0.026591
0.81994 0.042644
0.21817 0.029908
0.8737 0.04236
0.78137 0.04196
0.85835 0.042414
0.52133 0.026506
0.84599 0.042387
0.22272 0.029995
0.83286 0.042185
0.84629 0.04233
0.34098 0.028163
0.94701 0.040448
0.18557 0.031205
0.61069 0.041091
0.94885 0.04046
0.94974 0.04016
0.3485 0.027963
0.56547 0.039775
0.36471 0.028138
0.6481 0.041828
0.91503 0.042512
0.53166 0.027145
0.85118 0.042524
0.46712 0.027215
0.26637 0.034976
0.85431 0.042528
0.95268 0.040664
0.24388 0.029174
0.95763 0.041045
0.41714 0.027842
0.21279 0.034608
0.95901 0.041484
0.95371 0.04024
0.42229 0.027985
0.95563 0.040763
0.69792 0.026712
0.95795 0.04141
0.95801 0.04096
0.34915 0.028519
0.95872 0.040897
0.37097 0.028494
0.35596 0.037473
0.95624 0.040973
0.40945 0.027678
0.46178 0.04
0.69126 0.026792
0.45909 0.039871
0.958 0.04081
0.37 0.027882
0.92757 0.042505
0.71919 0.02651
0.95874 0.04098
0.93004 0.042501
0.94065 0.042327
0.75165 0.027451
0.28865 0.03593
0.20468 0.030972
0.9251 0.042126
0.95645 0.040653
0.54823 0.028042
0.49287 0.040369
0.48025 0.028533
0.93371 0.042233
0.95558 0.040829
0.95857 0.040627
0.95297 0.068714
0.95568 0.085762
0.95786 0.04054
0.9573 0.0468
0.95373 0.059652
0.95863 0.045371
0.95744 0.041485
0.9586 0.052151
0.95825 0.042542
0.66559 0.026813
0.95838 0.040353
0.41249 0.030126
0.29916 0.036606
0.9585 0.041829
0.95859 0.041701
0.95862 0.042253
0.95886 0.043687
0.95754 0.04721
0.95851 0.041562
0.95892 0.040687
0.95809 0.040774
0.9573 0.040523
0.95761 0.041376
0.95777 0.041592
0.95786 0.041753
0.95877 0.041624
0.95866 0.050595
0.9579 0.04204
0.95792 0.041536
0.95725 0.041245
0.9598 0.051204
0.95873 0.054813
0.95341 0.08706
0.95812 0.041067
0.95809 0.040562
0.5376 0.027182
0.29822 0.035223
0.47826 0.027741
0.36052 0.037267
0.95871 0.040758
0.95805 0.040581
0.9581 0.041428
0.95803 0.041809
0.95835 0.040537
0.95734 0.040809
0.9585 0.04116
0.95827 0.041494
0.95773 0.040027
0.95835 0.041226
0.9583 0.040386
0.95902 0.041491
0.95713 0.046601
0.958 0.04172
0.95565 0.10011
0.9533 0.060226
0.95842 0.043404
0.95811 0.041691
0.95766 0.042487
0.95776 0.040941
0.95875 0.04064
0.95879 0.040774
0.95779 0.041272
0.95713 0.044854
0.95746 0.041438
0.48423 0.027645
0.49285 0.040259
0.47373 0.028125
0.95812 0.041912
0.95762 0.041693
0.9592 0.040678
0.95741 0.041621
0.95861 0.041218
0.95776 0.040554
0.9587 0.041382
0.9578 0.041376
0.95759 0.041381
0.95776 0.041794
0.95832 0.040993
0.95779 0.040733
0.95872 0.041042
0.95845 0.04273
0.95771 0.041234
0.95893 0.041572
0.95716 0.040668
0.95833 0.041827
0.95741 0.040526
0.9589 0.040687
0.95778 0.041204
0.95871 0.041868
0.95838 0.040496
0.95771 0.040342
0.95865 0.04116
0.66726 0.02651
0.95774 0.040746
0.36797 0.031363
0.9585 0.040888
0.95883 0.040796
0.95804 0.040631
0.95774 0.04126
0.95838 0.0413
0.95762 0.040753
0.95777 0.041525
0.95846 0.041193
0.9577 0.040533
0.95771 0.040691
0.95863 0.041212
0.95773 0.041539
0.95886 0.040804
0.95882 0.041401
0.95718 0.043356
0.95849 0.041323
0.95765 0.040556
0.95882 0.041064
0.95811 0.04035
0.95848 0.044089
0.95804 0.041345
0.95878 0.040695
0.67063 0.026392
0.2678 0.03395
0.85084 0.026627
0.49971 0.03737
0.95784 0.040852
0.95906 0.041765
0.95847 0.041268
0.95769 0.041533
0.95857 0.040814
0.95764 0.041344
0.9577 0.040348
0.95762 0.041346
0.95778 0.040653
0.95801 0.041384
0.95786 0.040581
0.95785 0.041413
0.95795 0.041115
0.63794 0.02735
0.59447 0.040479
0.47045 0.028093
0.95788 0.040756
0.95986 0.040478
0.95812 0.041208
0.33976 0.028872
0.52891 0.038794
0.38157 0.030485
0.95758 0.041209
0.95853 0.041239
0.95785 0.041152
0.82627 0.026817
0.95849 0.041117
0.6388 0.02971
0.40303 0.034715
0.95865 0.040818
0.57451 0.028994
0.45344 0.03901
0.6084 0.030241
0.95767 0.040826
0.95802 0.04116
0.84102 0.026365
0.63497 0.041535
0.33885 0.03152
0.95851 0.040763
0.95787 0.041115
0.95881 0.0409
0.84303 0.026204
0.95809 0.041169
0.56626 0.031272
0.95779 0.040681
0.95765 0.041719
0.95869 0.041276
0.62199 0.027795
0.61279 0.036908
0.60776 0.03041
0.95876 0.041205
0.95786 0.041357
0.65789 0.028695
0.56498 0.033825
0.82503 0.02743
0.7102 0.038744
0.95744 0.04132
0.95845 0.041098
0.81835 0.02738
0.95758 0.041796
0.37089 0.031084
0.74146 0.040691
0.76738 0.02765
0.74476 0.041326
0.57766 0.030804
0.95858 0.041226
0.95851 0.041233
0.70843 0.027482
0.95784 0.041393
0.80578 0.027407
0.95861 0.041215
0.95849 0.041237
0.95777 0.041769
0.68474 0.027962
0.9585 0.041186
0.52735 0.029057
0.9586 0.041287
0.9585 0.041202
0.81866 0.027002
0.9577 0.04131
0.77341 0.027696
0.57404 0.034278
0.95776 0.041364
0.95782 0.041379
0.70511 0.028594
0.95863 0.041217
0.71301 0.028118
0.54266 0.034953
0.95772 0.041327
0.95861 0.041286
0.82608 0.027359
0.95782 0.041349
0.78258 0.027612
0.95771 0.040584
0.95775 0.041325
0.95758 0.041316
0.95757 0.029663
0.95752 0.041289
0.51427 0.030242
0.95854 0.041221
0.95838 0.041301
0.79838 0.027443
0.47889 0.036723
0.71656 0.027335
0.9577 0.041349
0.9586 0.0413
0.95856 0.041295
0.95764 0.030361
0.95853 0.041221
0.6766 0.029123
0.95838 0.041309
0.95854 0.041296
0.95777 0.031488
0.53804 0.034751
0.63739 0.030076
0.59347 0.034806
0.95853 0.041256
0.95776 0.040675
0.95784 0.032862
0.95856 0.041245
0.95794 0.035856
0.95863 0.041293
0.9585 0.041206
0.9585 0.041183
0.95809 0.036847
0.95757 0.041401
0.95797 0.038866
0.95764 0.041475
0.95848 0.041265
0.95877 0.041244
