73
0.035 0.92568
0.05877 0.932
0.077846 0.17445
0.10635 0.16781
0.14007 0.16946
0.16088 0.17759
0.17693 0.24815
0.19019 0.17354
0.20809 0.16446
0.2221 0.17572
0.24159 0.17013
0.25509 0.2191
0.26906 0.19275
0.2966 0.14703
0.30289 0.17076
0.32827 0.15295
0.34577 0.15275
0.35604 0.17588
0.37521 0.14523
0.39271 0.31993
0.41454 0.15292
0.42048 0.16564
0.45853 0.18638
0.4643 0.20018
0.46258 0.1626
0.47288 0.14427
0.48914 0.22882
0.49834 0.14108
0.47399 0.17302
0.47991 0.23823
0.48804 0.17695
0.4896 0.36832
0.46396 0.16029
0.47163 0.15101
0.49543 0.18723
0.49219 0.1542
0.50327 0.20891
0.51843 0.36115
0.50732 0.12007
0.51457 0.16554
0.50169 0.22587
0.52768 0.1646
0.53575 0.25457
0.50648 0.17493
0.5123 0.13683
0.53568 0.25082
0.52585 0.25676
0.50191 0.17336
0.54804 0.13274
0.55359 0.20915
0.53739 0.15273
0.53132 0.17365
0.58804 0.22255
0.61107 0.19293
0.62902 0.16592
0.63775 0.15222
0.65167 0.23736
0.6738 0.19376
0.68787 0.15599
0.71322 0.17011
0.7299 0.19666
0.75581 0.27781
0.78036 0.14929
0.79306 0.17662
0.80333 0.14655
0.83075 0.25374
0.84306 0.16049
0.85597 0.17359
0.88041 0.18198
0.90428 0.93248
0.92352 0.93009
0.94752 0.92264
0.95546 0.92734
