142
0.13713 0.040116
0.12555 0.040075
0.13881 0.040095
0.29776 0.040134
0.26274 0.040089
0.13946 0.040075
0.13981 0.040084
0.2854 0.040146
0.27048 0.040054
0.13474 0.040097
0.12525 0.040082
0.25225 0.040056
0.22407 0.040048
0.12545 0.040126
0.12513 0.040081
0.24879 0.040064
0.23425 0.040027
0.13511 0.040078
0.27891 0.040063
0.21106 0.040009
0.29104 0.040079
0.0766 0.040109
0.28294 0.04016
0.079312 0.040076
0.045351 0.040079
0.30128 0.04013
0.08543 0.040108
0.044766 0.040122
0.084949 0.040109
0.093293 0.040105
0.10014 0.040083
0.10406 0.04012
0.13923 0.04007
0.11393 0.040077
0.10582 0.040096
0.1398 0.040103
0.13892 0.040058
0.12889 0.04006
0.13259 0.040134
0.13893 0.040132
0.13165 0.040084
0.11226 0.040059
0.13661 0.040096
0.13863 0.040103
0.18033 0.040653
0.13868 0.040102
0.76048 0.040013
0.10425 0.04012
0.057837 0.040086
0.75917 0.040048
0.090899 0.040072
0.058684 0.04011
0.04189 0.040081
0.041013 0.040111
0.086394 0.040065
0.13204 0.040079
0.13044 0.040057
0.13161 0.040055
0.24288 0.040063
0.13744 0.04006
0.12981 0.040114
0.1591 0.040097
0.17798 0.040456
0.13682 0.040145
0.1388 0.040091
0.25539 0.040031
0.29512 0.040152
0.139 0.040094
0.20194 0.041077
0.2717 0.040069
0.76522 0.040044
0.33948 0.040043
0.32827 0.040018
0.34775 0.040108
0.048005 0.040099
0.068272 0.040073
0.093664 0.040074
0.133 0.040107
0.077189 0.04007
0.056063 0.040075
0.14972 0.04014
0.25842 0.040087
0.054186 0.040063
0.06956 0.040109
0.29442 0.040136
0.33848 0.040036
0.093604 0.040054
0.068476 0.040074
0.29415 0.040082
0.78649 0.04004
0.054473 0.040077
0.067571 0.040076
0.79303 0.040092
0.78673 0.040071
0.24326 0.040065
0.13739 0.040083
0.77141 0.040044
0.33847 0.04006
0.057734 0.040094
0.064552 0.040081
0.11489 0.040064
0.14251 0.040111
0.076708 0.040075
0.10192 0.040076
0.090333 0.040103
0.10296 0.040077
0.054469 0.040122
0.073433 0.040067
0.11563 0.040058
0.11093 0.040085
0.087491 0.04009
0.045713 0.040091
0.11481 0.040075
0.068003 0.040096
0.083719 0.040107
0.064568 0.040107
0.057201 0.040105
0.11048 0.040071
0.05272 0.040073
0.084931 0.040104
0.058903 0.040076
0.06167 0.040092
0.10764 0.040063
0.22269 0.041103
0.26122 0.040076
0.098294 0.040072
0.19766 0.040462
0.17201 0.04009
0.10984 0.040052
0.23617 0.040102
0.20331 0.040469
0.13119 0.040075
0.17196 0.040085
0.13551 0.040069
0.27217 0.040049
0.23416 0.040041
0.18025 0.040032
0.29263 0.040142
0.12027 0.040074
0.21624 0.041264
0.32621 0.04005
0.18894 0.040008
