679
0.84461 0.040218
0.83727 0.040237
0.8717 0.040309
0.8469 0.040267
0.88862 0.040264
0.8956 0.040382
0.89941 0.0404
0.89704 0.040317
0.88844 0.040298
0.87987 0.040369
0.88402 0.040302
0.90024 0.040424
0.90689 0.040314
0.86171 0.040588
0.86987 0.040254
0.87021 0.0403
0.86364 0.040213
0.83478 0.040432
0.84312 0.040217
0.82766 0.040288
0.83152 0.040327
0.87037 0.040485
0.83159 0.040265
0.83753 0.040282
0.8476 0.040286
0.83159 0.04032
0.81606 0.04044
0.85175 0.040594
0.83933 0.040252
0.83868 0.040322
0.93004 0.040654
0.88078 0.040312
0.8827 0.04037
0.91816 0.040377
0.92895 0.040406
0.88218 0.040342
0.86334 0.040343
0.89442 0.040332
0.90017 0.040278
0.8662 0.040301
0.84295 0.040594
0.84158 0.040494
0.85826 0.040328
0.82002 0.040473
0.83522 0.040223
0.84578 0.040487
0.89489 0.04042
0.75167 0.040382
0.7643 0.040444
0.87121 0.0402
0.83346 0.040532
0.82014 0.040444
0.79396 0.04033
0.86611 0.04029
0.85987 0.040329
0.8492 0.040619
0.85784 0.040236
0.77988 0.040452
0.84035 0.040256
0.89377 0.040356
0.81925 0.040391
0.85825 0.040247
0.85132 0.040222
0.82842 0.040369
0.83445 0.040255
0.82452 0.040455
0.83627 0.040331
0.83285 0.040471
0.88538 0.040348
0.92285 0.040568
0.92397 0.040431
0.88354 0.040318
0.88708 0.040306
0.89716 0.040476
0.88632 0.040369
0.8713 0.04044
0.86353 0.04023
0.88183 0.040378
0.87139 0.040288
0.84722 0.040588
0.84005 0.040492
0.87197 0.040339
0.85006 0.040234
0.83345 0.040228
0.8474 0.040309
0.84662 0.040282
0.82818 0.040332
0.81736 0.040415
0.77083 0.04032
0.86966 0.040222
0.81873 0.040474
0.79717 0.040436
0.7984 0.040575
0.84359 0.040588
0.83945 0.040249
0.77453 0.040397
0.80415 0.04038
0.82563 0.040329
0.81667 0.040435
0.80507 0.040389
0.81224 0.040409
0.84625 0.040227
0.82338 0.040414
0.78276 0.040406
0.75145 0.040371
0.81622 0.040427
0.80655 0.04032
0.8483 0.040624
0.83586 0.040307
0.8207 0.040424
0.85454 0.040575
0.84552 0.040298
0.84975 0.040631
0.82267 0.040302
0.91003 0.040336
0.88162 0.040287
0.92594 0.040592
0.92728 0.040047
0.87899 0.040353
0.91175 0.040419
0.931 0.040674
0.9344 0.040549
0.84912 0.040141
0.83588 0.04038
0.91763 0.040518
0.91831 0.040343
0.90716 0.040428
0.8351 0.04033
0.8887 0.040273
0.9037 0.040402
0.77847 0.040344
0.87301 0.040201
0.85689 0.040543
0.89609 0.040259
0.73086 0.040412
0.7718 0.040331
0.88038 0.040336
0.84757 0.040579
0.84157 0.04055
0.71603 0.040422
0.84954 0.040281
0.869 0.040299
0.67019 0.040502
0.72626 0.040515
0.83037 0.040242
0.83985 0.040244
0.72038 0.040575
0.73668 0.040327
0.85379 0.040592
0.85619 0.040209
0.72439 0.040586
0.83932 0.040297
0.85541 0.04023
0.81524 0.040412
0.78477 0.040476
0.82679 0.040336
0.8162 0.040344
0.84216 0.04022
0.84525 0.040446
0.8008 0.040447
0.81987 0.040442
0.82029 0.040321
0.80209 0.040417
0.80716 0.040392
0.82382 0.040447
0.80075 0.040584
0.86297 0.040253
0.92546 0.040293
0.90854 0.040412
0.81534 0.040428
0.85987 0.040283
0.91316 0.040289
0.88212 0.040369
0.84734 0.040206
0.8268 0.0403
0.87225 0.040237
0.87846 0.040303
0.8292 0.040285
0.83972 0.040549
0.85996 0.040582
0.89811 0.040286
0.86184 0.040339
0.91151 0.040287
0.82219 0.040435
0.73675 0.040552
0.68985 0.04049
0.72486 0.040384
0.87751 0.040334
0.81401 0.040424
0.6754 0.040463
0.71318 0.04044
0.84065 0.040593
0.86764 0.040237
0.74014 0.040531
0.7426 0.040292
0.79491 0.04032
0.84001 0.040281
0.64435 0.040398
0.66242 0.040395
0.79341 0.040432
0.84569 0.040338
0.70871 0.040403
0.7011 0.040501
0.82449 0.040411
0.7956 0.040561
0.66421 0.04039
0.77517 0.040356
0.7898 0.040385
0.77537 0.040444
0.66238 0.040381
0.75412 0.040392
0.76886 0.040329
0.72355 0.040481
0.73685 0.040338
0.66751 0.040455
0.79126 0.040345
0.76157 0.040345
0.78937 0.040379
0.80266 0.040345
0.78967 0.040472
0.82789 0.040482
0.86471 0.040354
0.95323 0.040876
0.90111 0.040329
0.8963 0.040424
0.86696 0.040191
0.88081 0.040441
0.88074 0.040265
0.92157 0.040569
0.91563 0.040434
0.87206 0.040315
0.84761 0.040541
0.89021 0.040317
0.83856 0.040584
0.79988 0.040349
0.86476 0.040326
0.85607 0.040228
0.8045 0.040405
0.797 0.040407
0.86788 0.040483
0.86903 0.040362
0.79546 0.040409
0.81559 0.040474
0.8137 0.040395
0.86794 0.040378
0.83436 0.040226
0.75929 0.040325
0.86404 0.040304
0.86294 0.040262
0.85831 0.040242
0.74048 0.04034
0.77555 0.04013
0.84258 0.040135
0.83834 0.040249
0.80919 0.040355
0.85318 0.040334
0.8264 0.040371
0.8378 0.040423
0.7731 0.040395
0.66029 0.040521
0.82399 0.040468
0.79241 0.040292
0.77666 0.04035
0.84188 0.04058
0.81511 0.040357
0.658 0.040426
0.66664 0.040491
0.71585 0.040407
0.728 0.040365
0.77321 0.040404
0.78103 0.040238
0.80502 0.040438
0.82866 0.040528
0.75921 0.040447
0.76757 0.04024
0.80532 0.040361
0.83791 0.040228
0.82194 0.040431
0.85109 0.040306
0.95997 0.04183
0.75533 0.040424
0.70036 0.040542
0.81925 0.040407
0.80954 0.040397
0.67656 0.04047
0.69384 0.040426
0.85846 0.040286
0.87875 0.040294
0.73237 0.040366
0.90514 0.040498
0.81971 0.040382
0.76581 0.040377
0.92768 0.040554
0.91671 0.040527
0.91313 0.040335
0.86545 0.040554
0.9121 0.040392
0.86932 0.040274
0.8326 0.040284
0.58044 0.040395
0.88893 0.040395
0.86232 0.040273
0.73474 0.040348
0.67016 0.040417
0.89524 0.040378
0.84501 0.040566
0.7804 0.040468
0.75829 0.040416
0.85083 0.040277
0.86521 0.040268
0.65307 0.040516
0.65026 0.040604
0.82793 0.040367
0.83325 0.040266
0.71005 0.040358
0.86132 0.040229
0.85381 0.040236
0.85247 0.040258
0.63505 0.040487
0.64798 0.040391
0.83388 0.040252
0.82402 0.040281
0.68465 0.040537
0.68535 0.040404
0.83282 0.04025
0.83149 0.040441
0.72166 0.040589
0.78873 0.040483
0.83715 0.040234
0.81494 0.040393
0.81655 0.040426
0.75382 0.040262
0.83467 0.040489
0.80287 0.040419
0.78941 0.040284
0.82029 0.04044
0.8126 0.040407
0.8139 0.040377
0.79611 0.040451
0.8058 0.040402
0.69876 0.04044
0.79619 0.040319
0.67115 0.04048
0.6842 0.040462
0.68176 0.040396
0.82345 0.040385
0.87343 0.040314
0.80869 0.040359
0.95278 0.04046
0.88791 0.040378
0.86466 0.040299
0.78753 0.040288
0.83299 0.040397
0.87608 0.040263
0.90527 0.040416
0.85485 0.040311
0.85758 0.040201
0.80274 0.040312
0.82097 0.040326
0.76346 0.040357
0.85273 0.040584
0.84809 0.040585
0.75782 0.040381
0.88747 0.040353
0.84893 0.040287
0.74761 0.040487
0.81607 0.040349
0.69638 0.040369
0.80244 0.040457
0.84969 0.040341
0.81335 0.040428
0.78011 0.040305
0.6918 0.040396
0.81855 0.040369
0.8347 0.040536
0.67164 0.040399
0.80307 0.040573
0.83478 0.04049
0.82061 0.040476
0.78483 0.040496
0.72241 0.040486
0.79383 0.040324
0.80206 0.04044
0.70631 0.040398
0.69151 0.040422
0.8019 0.040347
0.7524 0.04042
0.66679 0.040446
0.67505 0.040612
0.759 0.040501
0.75978 0.040411
0.66825 0.040498
0.67966 0.040526
0.72148 0.040579
0.73156 0.040472
0.84613 0.040277
0.69437 0.040469
0.72647 0.040525
0.69868 0.040397
0.6772 0.040524
0.78945 0.040532
0.69976 0.040515
0.54813 0.040233
0.78991 0.040475
0.71057 0.040482
0.77259 0.040331
0.8971 0.040329
0.86464 0.040148
0.90685 0.040495
0.90672 0.040518
0.88587 0.040326
0.89513 0.040255
0.89106 0.04036
0.886 0.04028
0.86659 0.040341
0.70514 0.040537
0.87721 0.040184
0.88646 0.040375
0.87463 0.040363
0.85086 0.040133
0.62147 0.040484
0.91799 0.040551
0.86118 0.040256
0.87153 0.040209
0.86599 0.040467
0.8306 0.040246
0.87374 0.040259
0.87873 0.040333
0.58091 0.04038
0.84967 0.040254
0.84165 0.04031
0.73096 0.04043
0.85144 0.040303
0.85056 0.040618
0.83687 0.040565
0.84052 0.04035
0.71219 0.040425
0.835 0.040445
0.83415 0.040536
0.83305 0.040513
0.55206 0.04067
0.81781 0.040464
0.80515 0.04032
0.8366 0.040565
0.82282 0.040363
0.83152 0.040254
0.8244 0.040295
0.59673 0.040596
0.64083 0.040395
0.81155 0.040454
0.76381 0.040331
0.77272 0.040423
0.7515 0.040507
0.78396 0.040281
0.7021 0.040208
0.72855 0.040372
0.81337 0.040518
0.65872 0.040615
0.75186 0.040487
0.74619 0.040276
0.94734 0.040048
0.88847 0.040438
0.59853 0.040436
0.8554 0.040473
0.89237 0.040313
0.8553 0.040503
0.84395 0.04047
0.78275 0.040303
0.85588 0.040615
0.85003 0.04053
0.88939 0.040234
0.7922 0.040299
0.81924 0.040362
0.8251 0.040421
0.85979 0.04052
0.80935 0.040413
0.84433 0.040591
0.80389 0.04058
0.79664 0.040382
0.68551 0.040602
0.79605 0.04043
0.8143 0.040432
0.71751 0.040409
0.7013 0.04058
0.84191 0.040593
0.82556 0.040484
0.74538 0.040444
0.73363 0.040353
0.7997 0.040459
0.82211 0.040421
0.65359 0.04055
0.67514 0.040395
0.81774 0.040375
0.80565 0.040345
0.75181 0.040316
0.67677 0.040419
0.81987 0.040317
0.78779 0.040361
0.6896 0.040379
0.72777 0.040471
0.77374 0.040346
0.76768 0.040438
0.66407 0.040406
0.6567 0.04054
0.78283 0.04033
0.7492 0.040327
0.68859 0.040527
0.63101 0.040447
0.68487 0.040398
0.70545 0.040446
0.74079 0.040391
0.89393 0.040311
0.66085 0.040449
0.68136 0.040518
0.68478 0.040391
0.71227 0.040378
0.79382 0.040449
0.66746 0.040379
0.78736 0.040385
0.8431 0.040316
0.92135 0.04033
0.83969 0.040287
0.84624 0.040323
0.79726 0.040475
0.81432 0.040306
0.87526 0.040221
0.84019 0.040343
0.87249 0.04031
0.79123 0.040449
0.85643 0.040289
0.87228 0.040232
0.86543 0.040254
0.80991 0.040447
0.80696 0.04032
0.82878 0.040339
0.65925 0.040372
0.7421 0.040371
0.75497 0.040494
0.80386 0.040317
0.82992 0.040342
0.84341 0.040513
0.77936 0.040717
0.83739 0.040253
0.8698 0.040308
0.77828 0.040266
0.68727 0.040567
0.82561 0.040476
0.82465 0.040478
0.78558 0.040377
0.76379 0.040417
0.81345 0.040432
0.60898 0.040529
0.69227 0.040406
0.77294 0.040234
0.82935 0.04035
0.62525 0.040419
0.80012 0.040572
0.72702 0.040412
0.77134 0.040239
0.71798 0.040562
0.56341 0.040263
0.69161 0.040402
0.68877 0.040459
0.6864 0.040627
0.62625 0.040547
0.80998 0.040401
0.83202 0.040418
0.63591 0.040528
0.81338 0.040379
0.69004 0.040533
0.65697 0.040536
0.7664 0.040443
0.76769 0.040573
0.60311 0.040374
0.58661 0.040365
0.76441 0.040386
0.7417 0.040475
0.58626 0.040393
0.59284 0.040426
0.73452 0.040457
0.69863 0.040361
0.5303 0.040447
0.6011 0.040529
0.77795 0.040333
0.71082 0.040412
0.59315 0.040514
0.68224 0.040484
0.69402 0.040433
0.71974 0.040372
0.51606 0.040286
0.60172 0.040471
0.6793 0.040434
0.60566 0.040398
0.53709 0.040241
0.56502 0.040361
0.70266 0.040474
0.6544 0.040535
0.6056 0.040426
0.55657 0.040274
0.69117 0.040629
0.68061 0.040388
0.56883 0.040326
0.57444 0.040476
0.615 0.040561
0.51886 0.040493
0.63686 0.040417
0.53047 0.040239
0.54832 0.040473
0.84517 0.040613
0.75219 0.040496
0.75253 0.040438
0.64988 0.040525
0.64575 0.040581
0.68937 0.040425
0.67268 0.040584
0.62122 0.040508
0.60767 0.040532
0.68154 0.040476
0.61626 0.040501
0.697 0.040482
0.63259 0.040595
0.62074 0.040521
0.66264 0.040585
0.64917 0.040656
0.69058 0.040456
0.6228 0.040386
0.55994 0.040274
0.59263 0.040447
0.59815 0.040369
0.75657 0.040461
0.57477 0.040209
0.63915 0.040534
0.58787 0.040348
0.55111 0.040485
0.55587 0.040581
0.59753 0.040565
0.64365 0.040528
0.52863 0.040521
0.73104 0.040352
0.47609 0.040469
0.66945 0.040574
0.57216 0.040374
0.62448 0.040387
0.74691 0.040373
0.54469 0.040264
0.59244 0.040438
0.62995 0.040482
0.71817 0.040415
0.73454 0.04034
0.71905 0.040384
0.73405 0.040409
0.70978 0.040639
0.62196 0.040461
0.61349 0.040388
0.65166 0.040588
0.66636 0.040472
0.67841 0.040512
0.63316 0.040487
0.57074 0.040354
0.67751 0.040425
0.63345 0.040375
0.66631 0.040586
0.49309 0.040276
0.69232 0.040625
0.6075 0.040429
0.58104 0.040544
0.66587 0.040504
0.73257 0.040378
0.65671 0.040479
0.73263 0.040215
0.73182 0.040572
0.62901 0.040597
0.64085 0.040572
0.7413 0.040431
0.61789 0.040498
0.69258 0.040582
0.6999 0.0406
0.71767 0.040389
0.71856 0.040514
