142
0.95813 0.25519
0.95803 0.28658
0.95842 0.19167
0.95829 0.2024
0.95822 0.19486
0.95805 0.22721
0.95857 0.26503
0.95836 0.19273
0.95789 0.28574
0.95812 0.24646
0.95845 0.27035
0.95814 0.34311
0.95812 0.31372
0.95798 0.28225
0.95858 0.25108
0.95808 0.30146
0.95796 0.28224
0.95801 0.21241
0.95788 0.2989
0.95904 0.1531
0.95928 0.10674
0.95864 0.20705
0.95827 0.20354
0.95847 0.25006
0.95852 0.24249
0.9581 0.34502
0.9582 0.29239
0.95793 0.29237
0.95791 0.30567
0.95804 0.32589
0.95811 0.30707
0.958 0.31926
0.95846 0.25645
0.95784 0.32526
0.95853 0.1353
0.95835 0.26061
0.95815 0.31747
0.95861 0.21357
0.95863 0.21358
0.9582 0.26962
0.95822 0.25962
0.95954 0.046389
0.95802 0.21302
0.95822 0.26694
0.95858 0.18134
0.95822 0.20447
0.95826 0.26882
0.95823 0.2051
0.95863 0.18117
0.95781 0.30739
0.95787 0.22134
0.95847 0.22747
0.9582 0.28573
0.95791 0.22933
0.95891 0.1258
0.95901 0.15367
0.95902 0.14803
0.95865 0.16592
0.95805 0.15137
0.95804 0.23715
0.95861 0.21706
0.95792 0.15369
0.95863 0.17935
0.95828 0.20732
0.95828 0.19567
0.95839 0.14526
0.95845 0.14248
0.95861 0.17365
0.95837 0.18992
0.95887 0.15979
0.95888 0.13502
0.95862 0.23638
0.95798 0.21379
0.95817 0.26201
0.95892 0.15941
0.95789 0.27056
0.9585 0.27499
0.95896 0.090716
0.95836 0.24993
0.95856 0.17001
0.95891 0.11814
0.95907 0.13005
0.95873 0.16482
0.95892 0.15875
0.95829 0.26794
0.95833 0.19521
0.95817 0.20474
0.95857 0.2132
0.95922 0.11038
0.95927 0.10542
0.95841 0.19347
0.95851 0.23117
0.95883 0.13115
0.95838 0.14456
0.95799 0.1093
0.95906 0.13246
0.95906 0.11155
0.95914 0.12759
0.95819 0.20256
0.95786 0.23341
0.95817 0.28841
0.9594 0.069912
0.95853 0.24528
0.9586 0.26644
0.95854 0.21723
0.95853 0.21799
0.95901 0.13123
0.9584 0.1435
0.95814 0.20418
0.95828 0.20895
0.9586 0.2332
0.95861 0.1792
0.95857 0.17202
0.95804 0.15176
0.95877 0.17457
0.95861 0.13216
0.95888 0.12678
0.95868 0.17731
0.95894 0.13617
0.95924 0.11363
0.95905 0.12444
0.95925 0.11679
0.95864 0.055453
0.95906 0.060157
0.95918 0.07872
0.95857 0.23135
0.95808 0.20458
0.95854 0.17798
0.95869 0.17837
0.95811 0.27637
0.95888 0.085045
0.95847 0.18102
0.95863 0.16775
0.95867 0.18005
0.95898 0.15716
0.95882 0.16264
0.95802 0.1522
0.95873 0.1681
0.95904 0.081923
0.95807 0.25299
0.95898 0.1589
0.9586 0.16875
