340
0.021019 0.022014
0.02718 0.034397
0.035551 0.0227
0.031598 0.042079
0.037991 0.042072
0.042795 0.021014
0.045445 0.031415
0.052928 0.028061
0.05801 0.042019
0.044973 0.042064
0.052162 0.042049
0.06458 0.023562
0.06228 0.041996
0.076038 0.022554
0.072993 0.041948
0.068901 0.041961
0.073383 0.041947
0.089526 0.021983
0.085117 0.041914
0.095564 0.023708
0.09324 0.041881
0.097865 0.041841
0.10521 0.025219
0.11015 0.041735
0.1188 0.025268
0.11946 0.041708
0.10992 0.041737
0.11536 0.041719
0.12922 0.027409
0.12395 0.041697
0.13924 0.024519
0.13484 0.041732
0.12367 0.041697
0.13926 0.041787
0.14741 0.028484
0.1511 0.031529
0.15563 0.021815
0.16122 0.042488
0.15078 0.041932
0.15673 0.04222
0.16642 0.028429
0.16564 0.034264
0.17812 0.021335
0.17789 0.035932
0.16743 0.042873
0.18305 0.027058
0.18489 0.039362
0.19387 0.026749
0.19197 0.038674
0.2029 0.030036
0.19862 0.0379
0.209 0.02153
0.20445 0.044837
0.19538 0.047875
0.21041 0.044201
0.21508 0.022019
0.21764 0.043505
0.22523 0.027426
0.2303 0.042855
0.21562 0.043696
0.22655 0.04283
0.23391 0.021737
0.23763 0.042983
0.24826 0.027691
0.24441 0.043106
0.24161 0.043054
0.25682 0.025146
0.25716 0.043913
0.26817 0.029686
0.26997 0.036523
0.25776 0.043955
0.26448 0.044438
0.27804 0.025352
0.27465 0.036483
0.28328 0.025889
0.28329 0.038587
0.28707 0.048493
0.29183 0.023931
0.29433 0.050244
0.29747 0.024448
0.29685 0.036371
0.29294 0.049896
0.29795 0.051201
0.30258 0.029412
0.30779 0.055615
0.31144 0.027316
0.31177 0.039915
0.30466 0.053925
0.31431 0.060246
0.3154 0.028485
0.31882 0.06546
0.32162 0.024915
0.32253 0.070866
0.32093 0.068341
0.3248 0.033284
0.32465 0.075067
0.32955 0.035316
0.33253 0.059663
0.32639 0.080289
0.33151 0.032559
0.33469 0.068193
0.33543 0.028356
0.33568 0.0711
0.32685 0.087504
0.33765 0.036662
0.32875 0.09933
0.33945 0.027776
0.3318 0.10412
0.32892 0.099798
0.33 0.10188
0.34239 0.036767
0.34061 0.078015
0.34602 0.058757
0.33701 0.10531
0.33286 0.1052
0.34701 0.036578
0.34777 0.069861
0.35128 0.031023
0.34609 0.087438
0.34832 0.079921
0.35593 0.081343
0.35393 0.023697
0.35341 0.061632
0.37219 0.023134
0.36565 0.02785
0.35325 0.062184
0.36437 0.036123
0.35941 0.063803
0.3706 0.04334
0.35693 0.071523
0.35279 0.087138
0.37122 0.043672
0.39815 0.032809
0.37373 0.048824
0.36617 0.063409
0.40641 0.034162
0.39741 0.03647
0.3824 0.049622
0.39668 0.043428
0.39265 0.044795
0.42715 0.040193
0.41663 0.020439
0.41316 0.021772
0.4891 0.020465
0.50058 0.021498
0.37448 0.028398
0.46342 0.022993
0.38135 0.033217
0.44966 0.025735
0.38122 0.033279
0.3804 0.034738
0.43047 0.026577
0.46526 0.02749
0.42013 0.028858
0.43898 0.029845
0.44907 0.027972
0.49696 0.029771
0.4214 0.03303
0.44679 0.033656
0.47206 0.032739
0.47153 0.035013
0.45085 0.037179
0.44282 0.039695
0.48933 0.035596
0.49517 0.039931
0.44133 0.039695
0.47466 0.042234
0.55515 0.020581
0.56835 0.022316
0.59542 0.021132
0.60984 0.029226
0.57699 0.023806
0.61299 0.030398
0.57168 0.026724
0.60817 0.031152
0.53319 0.02539
0.54343 0.027627
0.60782 0.03106
0.59992 0.03049
0.53281 0.027967
0.5186 0.029557
0.60115 0.031727
0.59036 0.031051
0.54435 0.031378
0.54313 0.033856
0.59345 0.033697
0.55581 0.035212
0.51002 0.036127
0.53738 0.040377
0.54917 0.037428
0.57659 0.040982
0.52582 0.039959
0.62772 0.021431
0.61677 0.0317
0.63785 0.029686
0.63358 0.040767
0.62206 0.033554
0.63205 0.039493
0.61238 0.032401
0.6192 0.036043
0.63934 0.06276
0.61609 0.036221
0.61634 0.038003
0.64147 0.068559
0.64394 0.078141
0.59921 0.034949
0.60569 0.041917
0.63731 0.068117
0.61595 0.045469
0.58818 0.038397
0.58669 0.042246
0.61688 0.05355
0.64345 0.022443
0.64331 0.037429
0.65065 0.026474
0.64929 0.061481
0.64385 0.058633
0.65362 0.089093
0.64106 0.067418
0.64394 0.077678
0.64373 0.078032
0.63727 0.068066
0.63045 0.061701
0.65282 0.03347
0.65232 0.072522
0.65458 0.038934
0.66232 0.099188
0.65764 0.096863
0.6632 0.099159
0.65605 0.043892
0.65904 0.075771
0.65791 0.049682
0.6687 0.094907
0.66537 0.098474
0.66904 0.094454
0.66219 0.028025
0.6705 0.091283
0.66487 0.041177
0.66352 0.054503
0.67101 0.089141
0.66867 0.036641
0.66554 0.058775
0.67087 0.039737
0.67244 0.074932
0.67312 0.073353
0.67685 0.023404
0.67625 0.052713
0.68114 0.038398
0.67909 0.065416
0.67543 0.069418
0.67889 0.065598
0.68715 0.021978
0.68385 0.061477
0.69421 0.033839
0.69069 0.057052
0.68618 0.059791
0.69031 0.057265
0.69698 0.026402
0.69806 0.038912
0.70393 0.030847
0.7075 0.049754
0.6964 0.053782
0.71506 0.027001
0.71218 0.03416
0.72054 0.024285
0.72368 0.036505
0.71156 0.048701
0.71829 0.047516
0.73185 0.023968
0.73115 0.045879
0.73965 0.029533
0.74065 0.036274
0.74932 0.024265
0.74786 0.036181
0.7608 0.028899
0.75978 0.043998
0.75722 0.044071
0.7641 0.024188
0.76471 0.043859
0.77302 0.02384
0.77435 0.043593
0.7641 0.043876
0.77534 0.043567
0.78717 0.024895
0.78355 0.043351
0.79744 0.026418
0.79455 0.043109
0.79281 0.043135
0.80206 0.022965
0.80946 0.042889
0.81701 0.024051
0.81395 0.031551
0.80592 0.042941
0.81695 0.042825
0.82852 0.025665
0.82321 0.042776
0.83764 0.024955
0.83474 0.031915
0.82496 0.042762
0.83439 0.042703
0.8418 0.023496
0.84644 0.04265
0.8529 0.023827
0.85436 0.042623
0.84742 0.042646
0.85879 0.042611
0.86339 0.021527
0.86217 0.042602
0.87468 0.027733
0.87121 0.042579
0.87319 0.042575
0.88856 0.023621
0.88773 0.032906
0.89308 0.02344
0.89113 0.042542
0.88747 0.042548
0.89339 0.042541
0.90192 0.021848
0.90283 0.042534
0.9159 0.026391
0.91295 0.042527
0.9035 0.042533
0.92864 0.023038
0.92747 0.031739
0.93812 0.02752
0.93345 0.031757
0.92737 0.042517
0.93236 0.042515
0.94843 0.024715
0.9483 0.042511
0.95454 0.028235
0.95185 0.042511
0.94833 0.042511
0.95111 0.042511
0.96856 0.026251
0.96539 0.042509
0.97513 0.02513
0.97391 0.032482
0.96195 0.042509
0.97163 0.042508
