73
0.035 0.91531
0.05877 0.92642
0.077846 0.17579
0.10635 0.15652
0.14007 0.21364
0.16088 0.19849
0.17693 0.23293
0.19019 0.17936
0.20809 0.17943
0.2221 0.17696
0.24159 0.23366
0.25509 0.19029
0.26906 0.14772
0.2966 0.17895
0.30289 0.17633
0.32827 0.21606
0.34577 0.19022
0.35604 0.22162
0.37521 0.23173
0.39271 0.27564
0.41454 0.17328
0.42048 0.17472
0.45853 0.12528
0.4643 0.36792
0.46258 0.13726
0.47288 0.35323
0.48914 0.20451
0.49834 0.18613
0.47399 0.26266
0.47991 0.17738
0.48804 0.17616
0.4896 0.15981
0.46396 0.16275
0.47163 0.14941
0.49543 0.21957
0.49219 0.19653
0.50327 0.23356
0.51843 0.23634
0.50732 0.55201
0.51457 0.1649
0.50169 0.13708
0.52768 0.17015
0.53575 0.39434
0.50648 0.17892
0.5123 0.20494
0.53568 0.44208
0.52585 0.29138
0.50191 0.17444
0.54804 0.20042
0.55359 0.2213
0.53739 0.33442
0.53132 0.17461
0.58804 0.27594
0.61107 0.17697
0.62902 0.21639
0.63775 0.14446
0.65167 0.36408
0.6738 0.15952
0.68787 0.21252
0.71322 0.29129
0.7299 0.20477
0.75581 0.23164
0.78036 0.18003
0.79306 0.16343
0.80333 0.12386
0.83075 0.15375
0.84306 0.23055
0.85597 0.15683
0.88041 0.3789
0.90428 0.93276
0.92352 0.92022
0.94752 0.93024
0.95546 0.93131
