340
0.026243 0.020329
0.048001 0.022644
0.094216 0.020882
0.038111 0.025754
0.047762 0.026093
0.11856 0.020342
0.10743 0.02363
0.13745 0.022874
0.074858 0.028035
0.058186 0.026659
0.067561 0.027211
0.17052 0.022191
0.078974 0.028934
0.18779 0.02248
0.08424 0.032185
0.082216 0.030653
0.084458 0.032314
0.19815 0.022573
0.10085 0.031408
0.20221 0.024834
0.12494 0.030578
0.13649 0.029169
0.20625 0.027003
0.16028 0.031758
0.21702 0.0278
0.16229 0.032855
0.16015 0.031713
0.16171 0.032432
0.21387 0.031196
0.16245 0.033172
0.23045 0.026172
0.16441 0.034241
0.16242 0.033153
0.16457 0.034701
0.22512 0.03209
0.20912 0.035971
0.24558 0.022304
0.16709 0.035746
0.16773 0.035239
0.1681 0.035396
0.24869 0.031578
0.2201 0.036468
0.26428 0.021403
0.23414 0.035747
0.16866 0.035783
0.26886 0.027277
0.22567 0.037334
0.27728 0.029445
0.245 0.038464
0.27753 0.034386
0.26146 0.036451
0.28694 0.022374
0.18652 0.036774
0.14186 0.034627
0.20568 0.037823
0.29038 0.023269
0.23965 0.038042
0.28851 0.033468
0.26645 0.038069
0.23296 0.037784
0.25951 0.039453
0.30298 0.022145
0.2701 0.037976
0.29643 0.033168
0.27232 0.038418
0.27128 0.038142
0.3198 0.026005
0.2768 0.039803
0.3077 0.03029
0.2922 0.039025
0.27684 0.039813
0.27197 0.038409
0.33858 0.026869
0.29396 0.038483
0.34097 0.027717
0.29421 0.039116
0.13616 0.035774
0.35122 0.02577
0.11414 0.036003
0.35489 0.026804
0.31533 0.033497
0.11791 0.035828
0.10733 0.035909
0.34858 0.032586
0.075721 0.03299
0.36158 0.031469
0.32517 0.036539
0.081829 0.036489
0.058448 0.030712
0.3641 0.033636
0.043915 0.030486
0.37049 0.026482
0.043626 0.032411
0.041211 0.031541
0.36814 0.038123
0.047638 0.033153
0.36951 0.038506
0.16222 0.036978
0.051392 0.033645
0.37231 0.034401
0.080985 0.036581
0.38153 0.027597
0.073864 0.034115
0.051688 0.033804
0.37387 0.035892
0.049749 0.033756
0.38817 0.02739
0.04965 0.033763
0.04965 0.03375
0.049377 0.033733
0.38297 0.032896
0.074341 0.034779
0.30922 0.038686
0.054195 0.034135
0.050095 0.033804
0.39452 0.035815
0.23988 0.038505
0.401 0.035439
0.078119 0.03603
0.13088 0.035918
0.24832 0.039698
0.40243 0.025359
0.34558 0.038471
0.41592 0.022749
0.40886 0.029405
0.34224 0.038944
0.40904 0.038186
0.36622 0.040213
0.41388 0.039537
0.32359 0.038187
0.13705 0.036029
0.41544 0.039551
0.42994 0.027883
0.41717 0.039335
0.38976 0.034514
0.44746 0.03206
0.43148 0.030868
0.42184 0.034553
0.44336 0.032202
0.42795 0.034217
0.38791 0.03886
0.45586 0.020375
0.45151 0.021482
0.53251 0.020089
0.53945 0.020215
0.41773 0.025879
0.51646 0.022641
0.42179 0.025889
0.51046 0.023875
0.42174 0.025928
0.42124 0.026767
0.4716 0.024747
0.51707 0.025883
0.4571 0.028062
0.48341 0.025409
0.50886 0.024868
0.53731 0.021796
0.44746 0.034787
0.49812 0.026494
0.52432 0.025211
0.5223 0.026769
0.46106 0.035111
0.48406 0.031104
0.53325 0.022932
0.53534 0.024104
0.47754 0.032413
0.52866 0.026293
0.55434 0.021689
0.55725 0.026554
0.56994 0.021881
0.58422 0.028382
0.55935 0.02999
0.58862 0.02942
0.54623 0.037043
0.58262 0.030293
0.54772 0.024654
0.5277 0.037792
0.58228 0.030314
0.57017 0.033411
0.54733 0.026714
0.54405 0.021819
0.56998 0.034367
0.55619 0.038777
0.48914 0.039518
0.47703 0.038816
0.55896 0.03973
0.4617 0.038124
0.54251 0.022382
0.4924 0.039118
0.44616 0.037494
0.44333 0.037058
0.5456 0.025986
0.60002 0.021849
0.59482 0.031007
0.61303 0.030432
0.63013 0.040169
0.60122 0.035578
0.62867 0.039744
0.58787 0.030877
0.59989 0.036565
0.66273 0.037849
0.59614 0.034791
0.59818 0.036808
0.68992 0.039736
0.79165 0.038439
0.56727 0.039056
0.57783 0.039878
0.66863 0.037743
0.60257 0.040399
0.51239 0.038774
0.47151 0.039095
0.60782 0.04017
0.61201 0.022479
0.63226 0.036837
0.62555 0.027026
0.70489 0.038013
0.66916 0.036296
0.90366 0.037038
0.68415 0.039038
0.77325 0.038024
0.77396 0.037903
0.66842 0.037786
0.63308 0.040062
0.64364 0.03893
0.81218 0.038342
0.65491 0.037429
0.94721 0.038313
0.93358 0.036982
0.94895 0.038405
0.6742 0.033993
0.89607 0.038197
0.70339 0.037314
0.95858 0.039551
0.95352 0.039535
0.95884 0.039564
0.64083 0.036248
0.95993 0.039586
0.69404 0.035245
0.79026 0.038061
0.96012 0.039587
0.68021 0.032297
0.82672 0.035982
0.70348 0.035426
0.95848 0.039455
0.95791 0.039384
0.63774 0.027594
0.82152 0.035686
0.72478 0.035948
0.95514 0.038677
0.95579 0.039205
0.95506 0.038707
0.64133 0.023426
0.95365 0.038261
0.70508 0.032485
0.94702 0.035935
0.95206 0.037707
0.94772 0.036036
0.66089 0.025479
0.75796 0.037383
0.69813 0.030568
0.90253 0.036591
0.9318 0.036221
0.68786 0.027318
0.73859 0.035954
0.67848 0.023885
0.76611 0.038145
0.89153 0.03796
0.87867 0.038657
0.68947 0.024324
0.85867 0.036404
0.73806 0.034809
0.78762 0.036555
0.70569 0.02463
0.78834 0.036634
0.74754 0.035213
0.82102 0.033415
0.81727 0.034284
0.71922 0.025069
0.82687 0.033938
0.72516 0.025347
0.84589 0.035686
0.82618 0.033792
0.84764 0.035432
0.73508 0.027454
0.86129 0.036194
0.74718 0.02943
0.87422 0.039019
0.87265 0.039101
0.74431 0.024046
0.88052 0.037685
0.75596 0.025077
0.79688 0.037953
0.87785 0.037954
0.88787 0.03467
0.76662 0.026223
0.89358 0.032496
0.77387 0.025828
0.80444 0.035002
0.89568 0.032766
0.90438 0.033958
0.77727 0.024234
0.90906 0.033296
0.78849 0.024337
0.91664 0.031958
0.90959 0.03307
0.92265 0.030986
0.79657 0.021969
0.92699 0.031532
0.8168 0.025814
0.93414 0.031185
0.93594 0.031183
0.82169 0.022641
0.89626 0.026613
0.82754 0.022666
0.95204 0.0334
0.94806 0.031439
0.95529 0.034193
0.83754 0.021485
0.96223 0.036467
0.86647 0.024018
0.96353 0.035808
0.96234 0.036463
0.87813 0.021763
0.92475 0.025522
0.90858 0.024139
0.93024 0.025344
0.9658 0.034759
0.96731 0.034951
0.91431 0.022357
0.97239 0.035108
0.94138 0.023469
0.97317 0.034995
0.97239 0.035107
0.97301 0.035014
0.96213 0.023562
0.97634 0.034928
0.9723 0.023245
0.97468 0.027796
0.9755 0.034924
0.97784 0.034771
