142
0.50683 0.67105
0.50419 0.69094
0.50625 0.70511
0.52773 0.64022
0.5214 0.64601
0.51364 0.65603
0.50869 0.66576
0.52531 0.65361
0.52367 0.66211
0.50617 0.67342
0.50444 0.68327
0.52162 0.67024
0.51904 0.68615
0.50418 0.69042
0.51442 0.70201
0.52101 0.69182
0.51879 0.70722
0.50906 0.71335
0.52433 0.7142
0.51687 0.72688
0.52536 0.73601
0.53631 0.63448
0.52506 0.64247
0.54031 0.63244
0.54421 0.64072
0.52809 0.65421
0.53186 0.66428
0.53887 0.6504
0.5411 0.66802
0.53269 0.67032
0.53096 0.68285
0.53931 0.67536
0.54523 0.68807
0.53227 0.69526
0.53133 0.70052
0.54422 0.69776
0.54093 0.70027
0.53445 0.71158
0.53536 0.7219
0.53941 0.71513
0.54529 0.72685
0.53158 0.74083
0.53423 0.74253
0.53952 0.73353
0.54525 0.74783
0.55389 0.62793
0.56527 0.62663
0.55018 0.62883
0.5497 0.64476
0.56224 0.62677
0.56086 0.64307
0.55333 0.65437
0.54846 0.66438
0.55927 0.65574
0.56272 0.66018
0.55419 0.67535
0.5544 0.68587
0.55903 0.67148
0.56502 0.68805
0.54825 0.69748
0.55272 0.70369
0.55989 0.69331
0.55911 0.70249
0.55229 0.71619
0.55045 0.72607
0.56324 0.71473
0.56526 0.72669
0.54773 0.73119
0.5491 0.7402
0.55881 0.7344
0.56414 0.74047
0.57257 0.62689
0.57304 0.62694
0.57303 0.64757
0.58201 0.62852
0.58528 0.64546
0.56903 0.65157
0.57105 0.66805
0.58267 0.65047
0.58082 0.66614
0.57012 0.67505
0.56868 0.68711
0.58403 0.67659
0.58093 0.6814
0.57372 0.69144
0.57515 0.70327
0.58549 0.69283
0.57841 0.70417
0.56845 0.71764
0.57519 0.72562
0.57816 0.71466
0.58487 0.72203
0.57394 0.73536
0.57422 0.75115
0.58371 0.73785
0.58428 0.74908
0.57512 0.75104
0.57928 0.75032
0.58985 0.63107
0.59562 0.63372
0.5986 0.63539
0.60796 0.64219
0.58828 0.65106
0.59042 0.66189
0.59837 0.65076
0.60254 0.66576
0.59417 0.67607
0.59537 0.68372
0.60091 0.67041
0.60526 0.68036
0.58808 0.69423
0.5938 0.70699
0.60289 0.6945
0.59801 0.70184
0.58827 0.71079
0.59001 0.72507
0.59978 0.71344
0.6043 0.72249
0.59503 0.73259
0.59284 0.74586
0.6077 0.73625
0.59824 0.74305
0.60911 0.64323
0.61836 0.65398
0.60788 0.66572
0.61712 0.65222
0.62394 0.66409
0.60866 0.67759
0.60834 0.68186
0.62785 0.67633
0.62863 0.68092
0.60822 0.69535
0.60921 0.70439
0.61943 0.69241
0.62547 0.7103
0.61408 0.71448
0.61533 0.72833
0.62466 0.71241
0.61321 0.73083
0.62806 0.67738
0.62914 0.6909
0.62773 0.70245
