340
0.023774 0.020544
0.037237 0.023986
0.07326 0.021003
0.030949 0.029205
0.037074 0.029198
0.093663 0.020397
0.084555 0.024328
0.11053 0.02323
0.056026 0.030245
0.044326 0.029663
0.050774 0.029887
0.13921 0.022611
0.059506 0.030822
0.15375 0.022683
0.064456 0.033891
0.062532 0.032313
0.064661 0.034026
0.16387 0.022724
0.079263 0.033107
0.16766 0.025181
0.098782 0.032219
0.10942 0.030197
0.17136 0.027593
0.12984 0.033671
0.18098 0.028798
0.13152 0.034959
0.12973 0.033624
0.13104 0.034443
0.17813 0.032534
0.13164 0.035337
0.19279 0.026989
0.13326 0.03672
0.13161 0.035313
0.13336 0.037264
0.18804 0.033712
0.1739 0.037608
0.20687 0.022297
0.13543 0.038575
0.13601 0.037997
0.1363 0.038181
0.21024 0.031272
0.1836 0.038642
0.22648 0.021382
0.19567 0.037407
0.13672 0.038628
0.23115 0.027181
0.18837 0.039655
0.23943 0.029284
0.20605 0.038417
0.23977 0.034117
0.22413 0.035932
0.24951 0.022274
0.15191 0.038266
0.11305 0.036706
0.17083 0.039361
0.25291 0.023142
0.20054 0.038872
0.25108 0.032924
0.22928 0.037836
0.19453 0.039825
0.2224 0.038704
0.26621 0.022056
0.23294 0.037661
0.25932 0.03272
0.23496 0.03806
0.23408 0.037808
0.2831 0.026167
0.23908 0.039359
0.27087 0.030071
0.25456 0.038287
0.23912 0.039369
0.23467 0.038057
0.30176 0.026656
0.25651 0.037785
0.30426 0.027619
0.25675 0.038399
0.10799 0.037776
0.31419 0.026162
0.090289 0.038886
0.31735 0.027209
0.27855 0.033776
0.092559 0.038591
0.08507 0.038967
0.31196 0.033169
0.056913 0.036247
0.32343 0.031793
0.28738 0.037042
0.062595 0.038986
0.044561 0.035514
0.32563 0.033535
0.034507 0.036208
0.33285 0.026081
0.034345 0.039212
0.032837 0.038126
0.32892 0.037136
0.037104 0.039854
0.33014 0.037369
0.13113 0.039773
0.039803 0.040124
0.33401 0.033508
0.06183 0.03924
0.34478 0.027569
0.055492 0.037957
0.040017 0.040327
0.33561 0.035069
0.038647 0.040489
0.35099 0.02809
0.038576 0.040512
0.038576 0.040492
0.03838 0.040503
0.34603 0.033098
0.055905 0.03868
0.27169 0.038452
0.041783 0.040568
0.038896 0.040515
0.35713 0.038001
0.20074 0.039308
0.36177 0.038057
0.059154 0.039374
0.10342 0.038398
0.20994 0.039194
0.36318 0.026359
0.30868 0.038743
0.37483 0.02292
0.3688 0.030918
0.30523 0.038683
0.36782 0.04131
0.32696 0.039961
0.37121 0.041717
0.28591 0.038728
0.10858 0.038459
0.37228 0.041422
0.38825 0.028291
0.3735 0.04138
0.3528 0.036173
0.4036 0.031135
0.3887 0.03151
0.37906 0.035965
0.39931 0.032106
0.38519 0.035044
0.35087 0.040682
0.41447 0.020317
0.40917 0.021292
0.52897 0.020062
0.53895 0.020147
0.37643 0.026305
0.50503 0.021688
0.38069 0.026441
0.49554 0.022381
0.38063 0.026486
0.38008 0.027406
0.43459 0.023597
0.50599 0.02378
0.41615 0.026756
0.45091 0.023628
0.49287 0.022997
0.53588 0.021234
0.40224 0.033705
0.47496 0.023881
0.51717 0.023493
0.51416 0.024493
0.41886 0.031982
0.45148 0.027408
0.53003 0.022038
0.53304 0.022835
0.442 0.028937
0.52343 0.024306
0.56131 0.021094
0.56626 0.024227
0.58568 0.021286
0.60557 0.026856
0.56976 0.026423
0.61074 0.02793
0.54982 0.03138
0.6034 0.02816
0.5513 0.023084
0.5218 0.032114
0.6029 0.028123
0.58654 0.029174
0.55072 0.024464
0.54582 0.021225
0.58648 0.029819
0.56655 0.032046
0.45423 0.03256
0.43766 0.033679
0.57173 0.032536
0.41804 0.034212
0.54351 0.021611
0.46073 0.031783
0.39958 0.036653
0.39673 0.037023
0.54813 0.024012
0.62337 0.021766
0.61754 0.030125
0.63624 0.030581
0.65202 0.039872
0.62531 0.034993
0.65037 0.039517
0.60996 0.029139
0.62424 0.035895
0.68635 0.039262
0.61975 0.033807
0.62253 0.03599
0.70989 0.040381
0.80536 0.040259
0.58344 0.032613
0.59887 0.034396
0.69129 0.039175
0.62695 0.039831
0.49682 0.031476
0.42894 0.034133
0.63089 0.040036
0.63526 0.022525
0.65485 0.036564
0.64859 0.026985
0.72599 0.036989
0.69157 0.037658
0.90995 0.038804
0.70456 0.040045
0.78936 0.037527
0.79015 0.037359
0.69112 0.039201
0.65545 0.039746
0.66713 0.039509
0.82653 0.038651
0.67851 0.038544
0.94525 0.038651
0.93325 0.039913
0.9473 0.038401
0.69575 0.035421
0.90341 0.038594
0.724 0.03629
0.95812 0.039195
0.95239 0.03883
0.95841 0.039227
0.6641 0.036501
0.95964 0.039325
0.71406 0.035136
0.80459 0.039819
0.95985 0.039339
0.70109 0.033253
0.83976 0.039561
0.72403 0.034537
0.95801 0.039094
0.95738 0.038986
0.66104 0.027591
0.83515 0.038114
0.74603 0.037488
0.95435 0.038113
0.955 0.038665
0.95425 0.038137
0.66462 0.023488
0.95274 0.037615
0.72582 0.031839
0.94563 0.03628
0.95105 0.037183
0.94641 0.036261
0.68323 0.02593
0.77397 0.039869
0.71821 0.030079
0.90899 0.03788
0.93198 0.039435
0.70794 0.027625
0.75929 0.0379
0.69937 0.02422
0.78142 0.03841
0.8978 0.037276
0.88169 0.037851
0.70951 0.024485
0.86271 0.039149
0.75849 0.036522
0.80287 0.038244
0.72637 0.024409
0.80338 0.038307
0.7668 0.038355
0.8346 0.035351
0.83137 0.035199
0.73984 0.025444
0.83976 0.036917
0.74514 0.025885
0.85313 0.040114
0.83915 0.036699
0.85443 0.039737
0.75437 0.028146
0.86497 0.038484
0.76544 0.031341
0.87643 0.038765
0.87499 0.039036
0.76279 0.024795
0.88427 0.036691
0.77189 0.025987
0.80958 0.039607
0.88071 0.03728
0.89341 0.033595
0.78164 0.02631
0.89996 0.032267
0.78937 0.025694
0.81738 0.034796
0.90237 0.032812
0.91037 0.035246
0.79285 0.024249
0.91424 0.035322
0.80341 0.024768
0.92067 0.03401
0.91467 0.035073
0.92547 0.033045
0.81026 0.022159
0.92894 0.03382
0.83073 0.026127
0.93485 0.033068
0.93636 0.032838
0.83497 0.023063
0.90263 0.026669
0.84005 0.023252
0.95176 0.033002
0.94784 0.031581
0.95511 0.033799
0.84769 0.02191
0.96243 0.036399
0.8713 0.024327
0.96375 0.035814
0.96255 0.036402
0.88299 0.021682
0.92749 0.026613
0.91381 0.024737
0.93208 0.026488
0.96603 0.034879
0.96751 0.035148
0.91883 0.022759
0.9725 0.035513
0.9414 0.023777
0.97327 0.035397
0.97251 0.035512
0.97312 0.035417
0.9626 0.02355
0.9764 0.035328
0.9725 0.023332
0.97482 0.028005
0.97557 0.035324
0.97788 0.035167
