142
0.87491 0.040868
0.87227 0.041601
0.87433 0.040122
0.8519 0.040782
0.84557 0.042099
0.88172 0.04114
0.87677 0.040539
0.84948 0.040704
0.84784 0.040487
0.87425 0.042014
0.87252 0.041082
0.84579 0.040573
0.84321 0.042101
0.87226 0.04112
0.88249 0.042219
0.84518 0.041899
0.84296 0.040565
0.87713 0.041483
0.8485 0.041869
0.88495 0.041346
0.84953 0.04208
0.86049 0.041215
0.84923 0.040636
0.86449 0.040413
0.86838 0.041288
0.85226 0.040812
0.85603 0.041006
0.86304 0.040062
0.86527 0.041588
0.85686 0.040604
0.85513 0.040987
0.86349 0.040128
0.8694 0.040427
0.85644 0.040682
0.8555 0.04147
0.86839 0.041695
0.8651 0.041441
0.85862 0.041151
0.85953 0.041946
0.86358 0.042095
0.86946 0.04134
0.85575 0.041515
0.8584 0.040903
0.86369 0.041088
0.86942 0.042413
0.87807 0.041026
0.84322 0.040683
0.87435 0.041594
0.87387 0.042008
0.84019 0.040714
0.83881 0.04159
0.8775 0.040836
0.87263 0.041033
0.83722 0.04108
0.84068 0.042376
0.87836 0.040124
0.87857 0.042013
0.83699 0.041019
0.84297 0.040422
0.87242 0.041613
0.8769 0.042486
0.83785 0.042436
0.83706 0.042298
0.87646 0.042394
0.87462 0.041124
0.84119 0.042001
0.84321 0.041288
0.8719 0.040075
0.87327 0.041174
0.83676 0.041308
0.84209 0.040141
0.85052 0.040753
0.85099 0.040763
0.85099 0.042248
0.85997 0.041198
0.86323 0.042054
0.84698 0.04043
0.849 0.041601
0.86062 0.040068
0.85877 0.040692
0.84807 0.040056
0.84663 0.042445
0.86199 0.040659
0.85888 0.040662
0.85167 0.041769
0.8531 0.042422
0.86344 0.042262
0.85637 0.040024
0.8464 0.040463
0.85314 0.040999
0.85611 0.041978
0.86283 0.041985
0.85189 0.041542
0.85217 0.040494
0.86166 0.040118
0.86223 0.040028
0.85308 0.040481
0.85724 0.040157
0.8678 0.042305
0.87357 0.040728
0.87655 0.041472
0.83726 0.040743
0.86623 0.040131
0.86837 0.04044
0.87633 0.040097
0.83184 0.04054
0.87213 0.040544
0.87332 0.041202
0.83022 0.040636
0.83456 0.040489
0.86604 0.040416
0.87175 0.040554
0.83219 0.040492
0.87597 0.042186
0.86622 0.041027
0.86796 0.040577
0.87773 0.041512
0.83361 0.042138
0.87298 0.040868
0.8708 0.042221
0.837 0.042157
0.8762 0.040727
0.83841 0.041598
0.84766 0.040769
0.83718 0.040523
0.84642 0.04052
0.85324 0.041164
0.83796 0.042302
0.83764 0.040759
0.85715 0.04059
0.85793 0.04057
0.83752 0.040706
0.83851 0.040048
0.84873 0.042109
0.85477 0.040952
0.84338 0.04194
0.84463 0.041764
0.85396 0.041299
0.84251 0.042517
0.85736 0.041134
0.85844 0.041589
0.85703 0.042291
