142
0.89037 0.042115
0.87458 0.040292
0.89623 0.040585
0.92219 0.042038
0.93663 0.042255
0.91237 0.042354
0.89262 0.04005
0.92026 0.040042
0.87888 0.040008
0.8909 0.041821
0.90497 0.042182
0.8751 0.042295
0.8686 0.04188
0.8759 0.040242
0.88315 0.042106
0.87153 0.041007
0.85511 0.040078
0.86546 0.040557
0.86502 0.040163
0.86007 0.042347
0.84796 0.041694
0.87714 0.040257
0.93245 0.040088
0.87862 0.040058
0.84779 0.041528
0.88117 0.041587
0.88496 0.04098
0.89295 0.040144
0.84783 0.040896
0.9055 0.042109
0.87332 0.040574
0.864 0.040063
0.84535 0.040075
0.899 0.040576
0.90525 0.040119
0.84919 0.042381
0.86492 0.041789
0.86012 0.040434
0.85255 0.040748
0.85207 0.040278
0.85099 0.040947
0.86166 0.042145
0.86473 0.042192
0.84878 0.042165
0.83586 0.040409
0.78751 0.042324
0.84856 0.041003
0.88483 0.040169
0.88415 0.040765
0.93797 0.041448
0.93504 0.042137
0.81307 0.041104
0.85215 0.042142
0.83268 0.042056
0.85947 0.040045
0.81362 0.04244
0.86589 0.040456
0.81499 0.042324
0.84949 0.04179
0.83506 0.042023
0.84167 0.042028
0.80081 0.042377
0.85453 0.042385
0.82396 0.040043
0.84258 0.040056
0.85857 0.040003
0.8834 0.040686
0.82987 0.040427
0.8303 0.041917
0.88476 0.04047
0.86796 0.042348
0.8107 0.041746
0.83563 0.041293
0.80682 0.042333
0.77676 0.040154
0.68694 0.042144
0.91049 0.041915
0.94346 0.040457
0.76643 0.040122
0.80433 0.041736
0.93025 0.042332
0.8058 0.040503
0.81881 0.041581
0.8395 0.042063
0.82877 0.040628
0.7195 0.040485
0.80063 0.042485
0.81294 0.041812
0.89741 0.04045
0.78116 0.041538
0.79036 0.041516
0.65614 0.041326
0.90279 0.04228
0.89933 0.040837
0.72576 0.040748
0.7793 0.042394
0.89996 0.041914
0.76587 0.040601
0.75766 0.040604
0.73062 0.040426
0.73576 0.040435
0.5186 0.040459
0.7069 0.040045
0.66175 0.042037
0.59457 0.040993
0.61626 0.041995
0.70924 0.042009
0.66796 0.04199
0.63695 0.041139
0.6444 0.042468
0.72213 0.040557
0.78265 0.0417
0.60056 0.041123
0.63766 0.041658
0.70771 0.040049
0.69565 0.041684
0.69934 0.042233
0.59331 0.041044
0.76238 0.042072
0.86041 0.04048
0.56347 0.040472
0.76969 0.041448
0.49835 0.040959
0.35796 0.040526
0.68571 0.042307
0.38617 0.040586
0.29206 0.040042
0.65399 0.042396
0.67803 0.041404
0.26044 0.041105
0.23658 0.041094
0.67202 0.042509
0.67759 0.042079
0.44172 0.040815
0.21877 0.041446
0.3032 0.04166
0.34127 0.04073
0.20299 0.040904
0.40661 0.040261
0.24334 0.040877
0.26656 0.042329
0.11583 0.041649
