73
0.035 0.042937
0.05877 0.040148
0.077846 0.040076
0.10635 0.040057
0.14007 0.040054
0.16088 0.040054
0.17693 0.040054
0.19019 0.040054
0.20809 0.040054
0.2221 0.040054
0.24159 0.040054
0.25509 0.040054
0.26906 0.040054
0.2966 0.040054
0.30289 0.040054
0.32827 0.040054
0.34577 0.040053
0.35604 0.040052
0.37521 0.040045
0.39271 0.039975
0.41454 0.039644
0.42048 0.039506
0.45853 0.038452
0.4643 0.068083
0.46258 0.068389
0.47288 0.038165
0.48914 0.038001
0.49834 0.068436
0.47399 0.068787
0.47991 0.068905
0.48804 0.068451
0.4896 0.068578
0.46396 0.067933
0.47163 0.068149
0.49543 0.067839
0.49219 0.068039
0.50327 0.037958
0.51843 0.038001
0.50732 0.068201
0.51457 0.068178
0.50169 0.068357
0.52768 0.068541
0.53575 0.066717
0.50648 0.067748
0.5123 0.067734
0.53568 0.068129
0.52585 0.068469
0.50191 0.067872
0.54804 0.038526
0.55359 0.038686
0.53739 0.06847
0.53132 0.068615
0.58804 0.039663
0.61107 0.039998
0.62902 0.040049
0.63775 0.040051
0.65167 0.040053
0.6738 0.040054
0.68787 0.040054
0.71322 0.040054
0.7299 0.040054
0.75581 0.040054
0.78036 0.040054
0.79306 0.040054
0.80333 0.040054
0.83075 0.040054
0.84306 0.040054
0.85597 0.040057
0.88041 0.040076
0.90428 0.040175
0.92352 0.041422
0.94752 0.049021
0.95546 0.051963
