142
0.89369 0.04055
0.87847 0.040508
0.90208 0.040811
0.91449 0.041257
0.93893 0.040078
0.91928 0.040689
0.89486 0.04045
0.92072 0.041249
0.88244 0.041171
0.89458 0.040491
0.91179 0.040778
0.8805 0.04045
0.87141 0.040474
0.87987 0.040456
0.87169 0.040699
0.86822 0.040755
0.85418 0.040535
0.87157 0.040606
0.86949 0.040473
0.85824 0.040649
0.8457 0.04064
0.88322 0.040599
0.92335 0.040274
0.88425 0.040415
0.84777 0.041436
0.87918 0.040406
0.88723 0.040327
0.89919 0.040588
0.85024 0.040716
0.91106 0.040327
0.87649 0.040489
0.87319 0.040364
0.85088 0.040623
0.90879 0.040695
0.8745 0.040686
0.85198 0.040675
0.8651 0.040784
0.86494 0.040696
0.85692 0.04047
0.85748 0.041008
0.85948 0.040752
0.86634 0.040504
0.86544 0.040672
0.84941 0.040827
0.83278 0.041488
0.775 0.041357
0.8562 0.040602
0.88458 0.04072
0.88451 0.041125
0.93838 0.040397
0.94365 0.04077
0.80948 0.040997
0.86032 0.040584
0.8302 0.041688
0.86638 0.040639
0.82783 0.040607
0.79921 0.041186
0.81467 0.041416
0.84812 0.040665
0.83856 0.04152
0.83907 0.040911
0.79498 0.041412
0.85578 0.040347
0.82469 0.04085
0.84805 0.040471
0.86051 0.040473
0.88282 0.040454
0.82769 0.040579
0.82891 0.040636
0.84635 0.040678
0.86769 0.040573
0.80295 0.041076
0.81862 0.041183
0.8066 0.040512
0.75702 0.041459
0.68811 0.040531
0.91893 0.040554
0.95543 0.040996
0.76798 0.041546
0.82904 0.041545
0.93892 0.041186
0.80619 0.0405
0.82234 0.040692
0.85077 0.040661
0.83414 0.040552
0.69771 0.040358
0.81328 0.041434
0.8033 0.041082
0.90052 0.040322
0.77549 0.041492
0.78264 0.041256
0.6583 0.040362
0.90238 0.041173
0.89979 0.040289
0.71344 0.040188
0.76957 0.041393
0.90013 0.040647
0.74461 0.041274
0.74498 0.040509
0.7324 0.040154
0.78819 0.041104
0.50613 0.041175
0.70901 0.040459
0.66004 0.040416
0.5886 0.040266
0.6059 0.04038
0.74279 0.040513
0.69069 0.041156
0.63124 0.040247
0.6271 0.040213
0.72295 0.040444
0.78787 0.041008
0.59062 0.040613
0.66781 0.040521
0.71525 0.040584
0.69748 0.040119
0.71403 0.040425
0.59523 0.0403
0.75791 0.04144
0.84181 0.040633
0.56496 0.040522
0.79515 0.040298
0.49835 0.041295
0.3506 0.041071
0.65504 0.040408
0.34113 0.040102
0.30517 0.040184
0.64235 0.040483
0.65957 0.04034
0.24701 0.040357
0.23721 0.040522
0.65357 0.040169
0.67428 0.040116
0.43516 0.040422
0.14845 0.041037
0.27744 0.04026
0.40668 0.040441
0.14782 0.040812
0.40599 0.041102
0.22758 0.040246
0.24275 0.040479
0.16213 0.040684
