372
0 0.041523
0.010761 0.04462
0.023804 0.028069
0.01761 0.040697
0.59447 0.040729
0.43626 0.025953
0.27176 0.034432
0.20013 0.030503
0.63489 0.040855
0.59367 0.040757
0.59867 0.040738
0.3053 0.027234
0.78494 0.041332
0.56403 0.026647
0.76268 0.040764
0.60605 0.040721
0.75945 0.040729
0.42518 0.02642
0.83205 0.041093
0.46803 0.027335
0.72932 0.040942
0.59611 0.040702
0.29933 0.02828
0.60607 0.041533
0.27117 0.02832
0.59394 0.04076
0.60608 0.041533
0.60671 0.041535
0.22363 0.029982
0.83673 0.041314
0.26856 0.02783
0.87788 0.041269
0.82817 0.04114
0.81528 0.041241
0.23498 0.030928
0.29304 0.034609
0.50288 0.026259
0.95434 0.041537
0.73494 0.040915
0.73104 0.040804
0.2122 0.030478
0.4225 0.038405
0.54824 0.025982
0.41595 0.037775
0.92732 0.041713
0.25472 0.028349
0.43619 0.03914
0.22953 0.028038
0.34235 0.037289
0.18567 0.030867
0.45731 0.039615
0.50777 0.026036
0.72922 0.041493
0.76584 0.04073
0.73923 0.040848
0.49701 0.026271
0.76755 0.041496
0.20542 0.029681
0.82899 0.041248
0.73812 0.040896
0.81133 0.041297
0.5066 0.026183
0.79734 0.041274
0.20914 0.029768
0.78739 0.041098
0.79915 0.041225
0.33228 0.027905
0.91336 0.041346
0.17362 0.030971
0.51738 0.040161
0.92204 0.041334
0.91152 0.041272
0.33562 0.0277
0.49021 0.038998
0.34552 0.02788
0.55195 0.040799
0.86061 0.041372
0.52492 0.026849
0.80163 0.041393
0.46431 0.026915
0.23815 0.034605
0.80517 0.041396
0.92057 0.041389
0.23957 0.02894
0.94583 0.041521
0.39219 0.027577
0.18653 0.03426
0.95395 0.040729
0.91643 0.041114
0.38519 0.027725
0.93174 0.041528
0.67101 0.026397
0.95792 0.040669
0.9499 0.040395
0.3397 0.02827
0.95184 0.04018
0.3521 0.028245
0.3164 0.036922
0.92227 0.041334
0.42123 0.027402
0.42793 0.039187
0.67076 0.026481
0.4249 0.039073
0.90934 0.041118
0.35071 0.027618
0.89732 0.041367
0.70206 0.026184
0.93447 0.041509
0.89764 0.041365
0.89835 0.041229
0.69609 0.027159
0.25905 0.035496
0.20486 0.03074
0.91039 0.041044
0.92161 0.041641
0.53848 0.027775
0.44484 0.039517
0.48129 0.028274
0.91194 0.04115
0.93227 0.041595
0.95728 0.042857
0.95609 0.11346
0.95851 0.12743
0.95682 0.041251
0.95626 0.071865
0.95671 0.097738
0.9564 0.07639
0.95867 0.040622
0.95555 0.083399
0.95689 0.046086
0.67395 0.0265
0.95734 0.041211
0.43927 0.029883
0.26936 0.036123
0.95755 0.041053
0.95744 0.040885
0.95638 0.066536
0.95688 0.075632
0.9569 0.07774
0.95715 0.043575
0.95792 0.041165
0.95685 0.047867
0.95854 0.041172
0.95888 0.040624
0.95512 0.053385
0.95918 0.040969
0.95782 0.040831
0.95574 0.082758
0.95511 0.068913
0.95922 0.040622
0.95848 0.040265
0.95633 0.099085
0.95542 0.10229
0.95648 0.12392
0.95982 0.045844
0.95975 0.041961
0.52954 0.026888
0.28515 0.034833
0.47654 0.027461
0.33132 0.036734
0.95772 0.04123
0.95936 0.0413
0.95665 0.04445
0.95935 0.041009
0.95997 0.041287
0.95859 0.041468
0.95758 0.040402
0.95988 0.040672
0.95951 0.049299
0.95996 0.040403
0.95991 0.041197
0.95819 0.042135
0.95659 0.076966
0.95931 0.040937
0.95848 0.13797
0.95635 0.10356
0.95684 0.052697
0.95676 0.049564
0.95603 0.063604
0.95905 0.043098
0.95708 0.050407
0.95804 0.041314
0.95908 0.040508
0.95616 0.059405
0.95875 0.045028
0.48246 0.027363
0.45083 0.03942
0.47271 0.027855
0.95947 0.0411
0.95664 0.040957
0.95843 0.041239
0.95867 0.040879
0.95748 0.040412
0.95905 0.041244
0.95777 0.040602
0.9591 0.040609
0.95887 0.040632
0.95908 0.041016
0.95714 0.041517
0.95938 0.044485
0.9578 0.040282
0.95697 0.051508
0.95899 0.040479
0.95809 0.040801
0.95318 0.061309
0.95996 0.04099
0.95866 0.041195
0.95815 0.04123
0.95905 0.040444
0.95775 0.041074
0.9572 0.042042
0.959 0.041112
0.95773 0.040403
0.65355 0.026184
0.95901 0.041444
0.39171 0.031122
0.95752 0.041356
0.95783 0.041273
0.95934 0.041357
0.95902 0.040501
0.95999 0.040486
0.95888 0.041642
0.95905 0.040757
0.95755 0.04045
0.95898 0.041216
0.95899 0.041381
0.95771 0.040442
0.95903 0.040773
0.95786 0.041283
0.95799 0.040645
0.95637 0.057433
0.95736 0.040527
0.9589 0.041235
0.95805 0.041327
0.95943 0.041154
0.95743 0.05785
0.95934 0.040559
0.95779 0.041167
0.65536 0.026061
0.26838 0.033628
0.86273 0.026285
0.47689 0.036818
0.95915 0.04156
0.9582 0.040979
0.95755 0.04051
0.95899 0.04077
0.95758 0.041282
0.95892 0.040592
0.959 0.041118
0.9589 0.040596
0.95907 0.041348
0.95932 0.040599
0.95914 0.041282
0.95913 0.040642
0.95924 0.040355
0.63958 0.02705
0.54036 0.03962
0.48485 0.027823
0.95917 0.041676
0.95839 0.041114
0.95942 0.04043
0.34218 0.028629
0.48352 0.038117
0.37461 0.030253
0.95885 0.040465
0.9574 0.040441
0.95913 0.040399
0.81684 0.02649
0.95758 0.040374
0.64148 0.029458
0.37602 0.034358
0.95766 0.041289
0.59646 0.028738
0.4418 0.038301
0.62384 0.029986
0.95895 0.041516
0.95931 0.040393
0.85807 0.026014
0.55035 0.040544
0.33988 0.031275
0.95764 0.04144
0.95914 0.040361
0.95781 0.04138
0.85549 0.025846
0.95939 0.040395
0.58275 0.031019
0.95908 0.041379
0.95895 0.040954
0.95776 0.040512
0.6201 0.027505
0.61471 0.036381
0.61641 0.030154
0.95783 0.040437
0.95917 0.040585
0.64564 0.028436
0.57349 0.033498
0.82275 0.027127
0.66559 0.038069
0.95869 0.040585
0.95754 0.040359
0.81917 0.027075
0.95887 0.041035
0.3739 0.030847
0.67838 0.039805
0.78769 0.027346
0.68245 0.040364
0.59057 0.030554
0.95766 0.04046
0.95759 0.040472
0.72701 0.027192
0.95912 0.040624
0.82063 0.027103
0.95748 0.04041
0.95757 0.040478
0.95909 0.040992
0.70514 0.027691
0.95759 0.040427
0.54197 0.02881
0.95746 0.040494
0.95758 0.040456
0.83011 0.026683
0.95899 0.040553
0.79325 0.027395
0.58207 0.033929
0.95905 0.0406
0.95912 0.040609
0.71282 0.028336
0.9575 0.040411
0.7408 0.027841
0.54234 0.034573
0.959 0.040568
0.95748 0.040491
0.83384 0.027052
0.95909 0.040583
0.79729 0.02731
0.95898 0.04127
0.95904 0.040563
0.95885 0.04057
0.95874 0.02899
0.95878 0.040549
0.52964 0.030002
0.95741 0.040435
0.95999 0.040486
0.80824 0.027138
0.48169 0.036222
0.75231 0.027029
0.95898 0.040591
0.95746 0.040507
0.95743 0.040505
0.95879 0.0297
0.9574 0.040436
0.6953 0.028874
0.95999 0.040493
0.95741 0.040507
0.95891 0.030835
0.56778 0.03438
0.67312 0.029828
0.63253 0.034422
0.9574 0.040469
0.95904 0.041369
0.95897 0.032218
0.95764 0.040492
0.9591 0.035195
0.9575 0.040497
0.95738 0.040412
0.95737 0.04039
0.95927 0.036159
0.95884 0.040653
0.9592 0.038152
0.95892 0.040719
0.95735 0.040471
0.95784 0.040461
