340
0.022924 0.020702
0.03361 0.025051
0.061765 0.021342
0.028453 0.031695
0.033387 0.03166
0.074604 0.0207
0.069322 0.027111
0.084456 0.026906
0.047669 0.033722
0.038791 0.032006
0.044058 0.032858
0.098634 0.024676
0.050542 0.034345
0.10587 0.024877
0.055313 0.035901
0.053445 0.035331
0.055505 0.035957
0.11154 0.024995
0.068374 0.038785
0.11377 0.029819
0.080596 0.040932
0.087234 0.041542
0.11638 0.034577
0.097963 0.04417
0.12069 0.036319
0.10036 0.04608
0.097876 0.044115
0.09957 0.045324
0.12072 0.042974
0.10072 0.046646
0.12754 0.033201
0.10251 0.048078
0.10069 0.046611
0.10294 0.048669
0.12608 0.044286
0.12183 0.052913
0.13398 0.024508
0.10578 0.052149
0.10527 0.050714
0.10583 0.051577
0.13623 0.039597
0.12511 0.054709
0.14401 0.023279
0.13068 0.052821
0.10719 0.053639
0.14585 0.037984
0.12798 0.057851
0.1495 0.039846
0.13711 0.054093
0.14998 0.050532
0.14493 0.055023
0.15433 0.024427
0.11656 0.067657
0.096621 0.052696
0.12327 0.065948
0.15609 0.025745
0.13423 0.059464
0.15484 0.04483
0.14716 0.061277
0.13105 0.06011
0.14544 0.060452
0.16377 0.024155
0.14867 0.062344
0.15893 0.043154
0.14941 0.063014
0.14911 0.062764
0.17097 0.031414
0.15066 0.064028
0.16486 0.041206
0.15622 0.056524
0.15067 0.064063
0.1494 0.064016
0.18179 0.030143
0.15712 0.054881
0.18339 0.031025
0.1574 0.060718
0.095603 0.055549
0.19231 0.026564
0.079625 0.052983
0.19506 0.027216
0.16713 0.048634
0.081612 0.053478
0.075553 0.051579
0.18907 0.035212
0.049432 0.040821
0.2009 0.031103
0.17018 0.051433
0.056461 0.042543
0.039635 0.039462
0.20298 0.032443
0.032686 0.040902
0.21165 0.026931
0.033781 0.045791
0.03193 0.043728
0.20802 0.036572
0.036593 0.047636
0.21023 0.038168
0.10824 0.063843
0.038284 0.048887
0.21468 0.035163
0.056312 0.044642
0.22076 0.029733
0.04859 0.043446
0.038517 0.049737
0.21631 0.038153
0.038045 0.050714
0.22531 0.028723
0.038039 0.050914
0.03801 0.050735
0.037925 0.050829
0.22203 0.036946
0.049194 0.044813
0.16385 0.062811
0.03945 0.051047
0.038212 0.05096
0.23039 0.036772
0.13611 0.065
0.23676 0.033184
0.053578 0.047408
0.093353 0.058849
0.14111 0.064998
0.23952 0.024681
0.18113 0.053465
0.25466 0.022794
0.24829 0.028673
0.17923 0.05514
0.24714 0.037784
0.20104 0.045588
0.25446 0.039787
0.16754 0.062188
0.10027 0.061445
0.25576 0.03941
0.29261 0.031557
0.25766 0.040727
0.22533 0.042685
0.30734 0.037158
0.29496 0.035219
0.27864 0.040227
0.30312 0.038831
0.29315 0.039068
0.34237 0.041092
0.3061 0.020599
0.3037 0.022383
0.42657 0.020018
0.49809 0.020036
0.25768 0.02678
0.35666 0.021081
0.2687 0.029467
0.3466 0.023108
0.26854 0.029516
0.26785 0.030642
0.31818 0.02626
0.36106 0.022005
0.31168 0.031767
0.32873 0.027146
0.34555 0.024285
0.47519 0.020253
0.32136 0.037107
0.34167 0.027491
0.3898 0.021156
0.38528 0.021544
0.34879 0.029449
0.33834 0.032425
0.43015 0.020575
0.44544 0.020555
0.33767 0.033398
0.40925 0.021375
0.68031 0.020425
0.69222 0.022042
0.71899 0.021188
0.73419 0.027702
0.70142 0.023782
0.73821 0.028801
0.69562 0.026257
0.73201 0.02937
0.63312 0.02078
0.66603 0.024849
0.73164 0.029321
0.72313 0.030558
0.63124 0.021108
0.56704 0.020286
0.72411 0.031682
0.7144 0.031922
0.66738 0.027613
0.66551 0.028514
0.71655 0.034649
0.68006 0.031269
0.53933 0.020344
0.65271 0.025881
0.67244 0.033032
0.69179 0.03941
0.59752 0.020876
0.75405 0.021567
0.74346 0.030343
0.76414 0.030382
0.7593 0.039482
0.74897 0.033234
0.75774 0.039249
0.73702 0.030456
0.74638 0.034767
0.80768 0.04757
0.74322 0.034221
0.74373 0.035803
0.82826 0.058504
0.87055 0.060581
0.72093 0.035402
0.72607 0.039983
0.81323 0.049506
0.742 0.039473
0.70869 0.039339
0.70472 0.040763
0.74367 0.041721
0.7681 0.022678
0.77825 0.036006
0.77654 0.027585
0.83565 0.061706
0.815 0.047402
0.93395 0.064972
0.82487 0.05537
0.86724 0.059935
0.86744 0.059981
0.81294 0.049431
0.77597 0.041161
0.78995 0.036759
0.89342 0.061582
0.80196 0.040806
0.95442 0.064818
0.94686 0.065226
0.95531 0.064628
0.81898 0.0443
0.92963 0.063667
0.83526 0.056885
0.95886 0.063791
0.95708 0.064246
0.95898 0.063757
0.79085 0.032289
0.95939 0.06359
0.83073 0.049306
0.87069 0.057633
0.95947 0.063519
0.82227 0.042498
0.89716 0.059302
0.83532 0.051345
0.95896 0.062907
0.95873 0.06277
0.79317 0.02561
0.89628 0.057952
0.84246 0.052385
0.95848 0.058932
0.95816 0.061896
0.95843 0.059076
0.79943 0.023173
0.95834 0.057127
0.83574 0.045567
0.9559 0.056306
0.95792 0.056687
0.95624 0.056332
0.812 0.0298
0.85792 0.050402
0.83258 0.040285
0.93483 0.057709
0.94756 0.056512
0.82694 0.033024
0.84891 0.046898
0.82171 0.027323
0.86702 0.049058
0.92695 0.05987
0.92086 0.061178
0.8277 0.027652
0.91026 0.059048
0.85046 0.042216
0.87232 0.049764
0.83612 0.029418
0.87294 0.049385
0.85736 0.041777
0.89803 0.051997
0.89695 0.05193
0.84252 0.029673
0.89965 0.052136
0.84613 0.029022
0.90649 0.054222
0.89945 0.05211
0.9073 0.054474
0.85232 0.030849
0.91246 0.05595
0.85981 0.033707
0.91883 0.056687
0.91777 0.056739
0.85919 0.025976
0.9246 0.054832
0.86683 0.027982
0.88199 0.043095
0.92264 0.055345
0.93012 0.053458
0.87274 0.030913
0.93303 0.052096
0.87728 0.029284
0.89421 0.040402
0.93368 0.051741
0.93777 0.049922
0.87957 0.026412
0.94078 0.047178
0.88578 0.026786
0.94456 0.046055
0.94116 0.047011
0.947 0.045551
0.89182 0.022691
0.94871 0.045207
0.90348 0.033324
0.95225 0.044744
0.95306 0.044739
0.90629 0.0264
0.93559 0.037088
0.90871 0.026138
0.95965 0.045804
0.95824 0.045076
0.96067 0.046474
0.9135 0.023341
0.96417 0.047097
0.92455 0.029969
0.96557 0.044891
0.96426 0.047001
0.92998 0.024383
0.94888 0.033032
0.94192 0.028971
0.95145 0.032456
0.96794 0.041706
0.96914 0.041238
0.94465 0.025274
0.97336 0.040615
0.95611 0.027977
0.97406 0.040461
0.97336 0.040613
0.97392 0.040487
0.96686 0.025422
0.97683 0.040369
0.97436 0.024427
0.9761 0.030638
0.97609 0.040364
0.97814 0.040156
