142
0.87421 0.042304
0.87157 0.040692
0.87363 0.04166
0.8512 0.0422
0.84488 0.041136
0.88102 0.040077
0.87607 0.041882
0.84878 0.042107
0.84714 0.041819
0.87355 0.041057
0.87182 0.040029
0.84509 0.041949
0.84251 0.041137
0.87156 0.04006
0.88179 0.041237
0.84448 0.040959
0.84226 0.041939
0.87644 0.040591
0.8478 0.040933
0.88425 0.04049
0.84883 0.041119
0.85979 0.040139
0.84853 0.042025
0.86379 0.04173
0.86768 0.04044
0.85157 0.042236
0.85533 0.042473
0.86234 0.041585
0.86457 0.040681
0.85616 0.041987
0.85443 0.042449
0.86279 0.041667
0.8687 0.041747
0.85574 0.042081
0.8548 0.04058
0.86769 0.04078
0.8644 0.040555
0.85792 0.040086
0.85883 0.040999
0.86288 0.041132
0.86876 0.040484
0.85505 0.040619
0.8577 0.042347
0.86299 0.040034
0.86872 0.041408
0.87737 0.042497
0.84252 0.042083
0.87365 0.040686
0.87318 0.041052
0.83949 0.04212
0.83811 0.040683
0.8768 0.042266
0.87193 0.042505
0.83652 0.040027
0.83998 0.041376
0.87766 0.041663
0.87788 0.041056
0.83629 0.042488
0.84227 0.041741
0.87172 0.040702
0.8762 0.04147
0.83715 0.041428
0.83636 0.04131
0.87576 0.041392
0.87392 0.040063
0.84049 0.041046
0.84251 0.04044
0.8712 0.041601
0.87257 0.040105
0.83606 0.040457
0.84139 0.041683
0.84982 0.042165
0.85029 0.042177
0.85029 0.041262
0.85927 0.040125
0.86253 0.041091
0.84629 0.04175
0.8483 0.040692
0.85992 0.041593
0.85807 0.042093
0.84738 0.041577
0.84593 0.041435
0.86129 0.042053
0.85818 0.042056
0.85097 0.040843
0.8524 0.041416
0.86274 0.041274
0.85567 0.041538
0.8457 0.04179
0.85244 0.042464
0.85541 0.041027
0.86213 0.041032
0.85119 0.040641
0.85147 0.041827
0.86096 0.041655
0.86153 0.041542
0.85238 0.041812
0.85654 0.041703
0.8671 0.041316
0.87287 0.042137
0.87585 0.040582
0.83656 0.042152
0.86553 0.041671
0.86768 0.041762
0.87563 0.041628
0.83114 0.041882
0.87143 0.041888
0.87262 0.040128
0.82952 0.042025
0.83386 0.041821
0.86534 0.041734
0.87106 0.0419
0.83149 0.041825
0.87527 0.041209
0.86552 0.042498
0.86726 0.041954
0.87704 0.040616
0.83291 0.041168
0.87228 0.042304
0.8701 0.041239
0.8363 0.041185
0.8755 0.042136
0.83771 0.04069
0.84696 0.042184
0.83648 0.041862
0.84572 0.041859
0.85254 0.040097
0.83726 0.041314
0.83694 0.042172
0.85645 0.04197
0.85723 0.041946
0.83682 0.04211
0.83781 0.041567
0.84803 0.041144
0.85407 0.042407
0.84268 0.040994
0.84393 0.040838
0.85327 0.04045
0.84181 0.041496
0.85666 0.040071
0.85774 0.040682
0.85633 0.041298
