142
1 0.04148
1 0.042123
1 0.045032
0.88896 0.042879
0.96675 0.18443
1 0.042379
1 0.042764
0.96456 0.14769
1 0.045125
1 0.04069
1 0.041644
1 0.041269
1 0.042457
1 0.042992
1 0.04217
1 0.040887
1 0.042389
1 0.044264
1 0.041794
1 0.040979
1 0.041384
0.86446 0.059945
0.90859 0.043009
0.855 0.063354
0.84004 0.044937
0.938 0.042108
0.99997 0.044703
0.90286 0.045767
0.93237 0.041108
1 0.045441
1 0.042332
0.97052 0.091606
1 0.054088
1 0.040205
1 0.041542
1 0.041747
1 0.042644
1 0.041093
1 0.042057
1 0.044296
1 0.042762
1 0.042384
1 0.041274
1 0.041842
1 0.041172
0.70192 0.040977
0.64801 0.041482
0.6816 0.04202
0.80784 0.042527
0.63673 0.040958
0.76633 0.043105
0.83901 0.041642
0.88747 0.041081
0.86159 0.040121
0.87958 0.042011
0.94229 0.040844
1 0.052678
0.93523 0.040382
1 0.043107
1 0.041008
1 0.043634
1 0.043565
1 0.058254
1 0.040691
1 0.041791
1 0.053485
1 0.052162
1 0.041918
1 0.040803
1 0.054881
1 0.046063
0.6816 0.040874
0.68172 0.04025
0.71761 0.040147
0.61608 0.040935
0.57438 0.041051
0.78222 0.041457
0.86344 0.040873
0.61856 0.041773
0.6863 0.040331
0.91389 0.041174
1 0.047797
0.77179 0.043922
0.85393 0.048526
1 0.04516
1 0.047037
0.85496 0.041923
1 0.063918
1 0.050513
1 0.061515
1 0.050303
1 0.058864
1 0.067923
1 0.065143
1 0.058428
1 0.043161
1 0.044188
1 0.064802
0.54379 0.040481
0.57699 0.041971
0.63059 0.042309
0.76352 0.065591
0.57955 0.041407
0.64463 0.041757
0.74195 0.13446
0.76048 0.040846
0.69396 0.040371
0.71799 0.04718
0.75935 0.0413
0.79389 0.04371
0.84407 0.040289
0.86276 0.041628
0.82444 0.04104
0.83917 0.042083
0.96354 0.04198
1 0.051444
0.87411 0.047972
0.88722 0.043654
1 0.049129
1 0.096325
0.8994 0.040941
1 0.092473
0.76863 0.050708
0.68707 0.087269
0.76081 0.046345
0.71125 0.12366
0.62857 0.041007
0.76952 0.042631
0.78311 0.041005
0.63371 0.040563
0.64672 0.041012
0.81637 0.040456
0.81401 0.044362
0.69237 0.041013
0.71417 0.040504
0.81319 0.04176
0.81435 0.058266
0.73655 0.040633
0.87222 0.04099
0.63617 0.040629
0.63864 0.047226
0.70595 0.040109
