73
0.035 0.91804
0.05877 0.18203
0.077846 0.16567
0.10635 0.17309
0.14007 0.17832
0.16088 0.1749
0.17693 0.22063
0.19019 0.17591
0.20809 0.16077
0.2221 0.17619
0.24159 0.16502
0.25509 0.20099
0.26906 0.21268
0.2966 0.15193
0.30289 0.17593
0.32827 0.1511
0.34577 0.15104
0.35604 0.20806
0.37521 0.16492
0.39271 0.19375
0.41454 0.16785
0.42048 0.17441
0.45853 0.17507
0.4643 0.15012
0.46258 0.17773
0.47288 0.44581
0.48914 0.21673
0.49834 0.3333
0.47399 0.17374
0.47991 0.22236
0.48804 0.17634
0.4896 0.22867
0.46396 0.25588
0.47163 0.15095
0.49543 0.1516
0.49219 0.15119
0.50327 0.22131
0.51843 0.14479
0.50732 0.34948
0.51457 0.17444
0.50169 0.17691
0.52768 0.33079
0.53575 0.2355
0.50648 0.17609
0.5123 0.1553
0.53568 0.15966
0.52585 0.22022
0.50191 0.17363
0.54804 0.27958
0.55359 0.17337
0.53739 0.16392
0.53132 0.17366
0.58804 0.17842
0.61107 0.21504
0.62902 0.17308
0.63775 0.1506
0.65167 0.24961
0.6738 0.14923
0.68787 0.15204
0.71322 0.17397
0.7299 0.14882
0.75581 0.1429
0.78036 0.15203
0.79306 0.30631
0.80333 0.16959
0.83075 0.32734
0.84306 0.15166
0.85597 0.17612
0.88041 0.16455
0.90428 0.17422
0.92352 0.91852
0.94752 0.92604
0.95546 0.92832
