340
0.021018 0.022016
0.027173 0.034408
0.035538 0.022702
0.031587 0.042097
0.037974 0.042087
0.042777 0.021015
0.045425 0.031421
0.052905 0.028064
0.057981 0.042025
0.044952 0.042077
0.052137 0.042059
0.064554 0.023562
0.06225 0.042
0.076012 0.022553
0.072964 0.041943
0.068872 0.041961
0.073355 0.041942
0.089514 0.02198
0.085096 0.04189
0.09556 0.0237
0.09323 0.041842
0.097861 0.041791
0.10523 0.025202
0.11019 0.041654
0.11887 0.025244
0.11952 0.041608
0.10995 0.041657
0.1154 0.041627
0.12935 0.027367
0.12403 0.041587
0.13943 0.024487
0.13498 0.041594
0.12375 0.041588
0.13942 0.041634
0.14767 0.028414
0.15139 0.031425
0.15596 0.021797
0.16157 0.042241
0.15104 0.041738
0.15704 0.041996
0.16688 0.028326
0.16607 0.034092
0.17872 0.021312
0.17847 0.035659
0.16785 0.042593
0.18376 0.026917
0.1856 0.038959
0.19483 0.026574
0.19285 0.038212
0.20412 0.02972
0.19966 0.037383
0.21045 0.021476
0.20563 0.044054
0.19629 0.047146
0.21179 0.043343
0.21676 0.021936
0.21926 0.042496
0.2274 0.027041
0.23256 0.041558
0.21717 0.042728
0.22861 0.04164
0.2366 0.021626
0.24027 0.041401
0.25216 0.027012
0.24759 0.041257
0.24455 0.041316
0.26154 0.024602
0.26143 0.041415
0.27449 0.028395
0.27628 0.034184
0.26209 0.041423
0.26967 0.04152
0.28603 0.024355
0.28166 0.033724
0.29277 0.024616
0.29232 0.034593
0.2965 0.041901
0.30391 0.022864
0.30575 0.041918
0.31187 0.023074
0.31052 0.031409
0.30393 0.041915
0.31063 0.041935
0.31954 0.026101
0.32511 0.042035
0.33408 0.024129
0.33347 0.031283
0.32026 0.042002
0.33699 0.042091
0.34129 0.024383
0.34686 0.042126
0.35439 0.022129
0.35636 0.042173
0.35207 0.042149
0.36172 0.025208
0.36324 0.042211
0.3747 0.025191
0.37758 0.033013
0.3723 0.042258
0.3813 0.023955
0.38705 0.034182
0.39498 0.022283
0.39269 0.034138
0.38367 0.04231
0.4018 0.024222
0.40575 0.04235
0.41081 0.021796
0.41766 0.04237
0.40666 0.04235
0.41141 0.042356
0.42272 0.023566
0.42177 0.032249
0.43482 0.028489
0.43313 0.042403
0.42104 0.042378
0.44508 0.024568
0.44814 0.034441
0.45793 0.025331
0.45246 0.042436
0.45524 0.042438
0.45757 0.19479
0.46276 0.022364
0.4618 0.042442
0.47767 0.027433
0.47503 0.032764
0.46158 0.042442
0.47531 0.042453
0.4654 0.16759
0.47444 0.17118
0.46281 0.1717
0.45814 0.18492
0.47265 0.17852
0.47856 0.19122
0.4656 0.19841
0.45956 0.20532
0.47756 0.20092
0.47426 0.20343
0.46514 0.21658
0.47065 0.223
0.46925 0.22161
0.47905 0.22925
0.48755 0.023014
0.48726 0.031847
0.4965 0.024062
0.49791 0.033023
0.48138 0.042459
0.49434 0.042469
0.48482 0.15257
0.49468 0.1501
0.48476 0.15259
0.4818 0.16753
0.4926 0.1589
0.49606 0.16334
0.48752 0.17851
0.48774 0.18903
0.49237 0.17463
0.49836 0.19121
0.48158 0.20063
0.48606 0.20684
0.49323 0.19646
0.49244 0.20565
0.48563 0.21935
0.48292 0.23119
0.49657 0.21789
0.49841 0.23474
0.48256 0.23102
0.49274 0.23414
0.50459 0.0239
0.50656 0.034397
0.5112 0.024685
0.51516 0.042477
0.50694 0.042474
0.51778 0.042478
0.50644 0.15026
0.51667 0.15317
0.50267 0.14985
0.50438 0.17121
0.51626 0.153
0.51415 0.16929
0.50346 0.17821
0.50201 0.19027
0.51737 0.17975
0.51426 0.18456
0.50705 0.1946
0.50848 0.20643
0.51882 0.19599
0.51175 0.20733
0.50179 0.22079
0.50966 0.23365
0.51149 0.21782
0.52057 0.22946
0.5066 0.23425
0.52661 0.021868
0.52166 0.042479
0.53534 0.02887
0.53496 0.042482
0.52746 0.04248
0.53407 0.042482
0.52099 0.15531
0.52795 0.16025
0.53562 0.16908
0.52751 0.17923
0.5287 0.18687
0.5373 0.1719
0.54145 0.18287
0.52142 0.19738
0.52714 0.21015
0.54204 0.19852
0.53135 0.205
0.5216 0.21395
0.52314 0.22791
0.53425 0.21743
0.54235 0.021604
0.5429 0.031054
0.55883 0.022007
0.55753 0.03312
0.54391 0.042485
0.55699 0.042489
0.53696 0.17129
0.54098 0.18102
0.54187 0.18498
0.54203 0.19858
0.54 0.20663
0.56748 0.023478
0.56256 0.03449
0.57747 0.024591
0.57595 0.042492
0.5646 0.042491
0.57803 0.042493
0.58596 0.025948
0.58658 0.033837
0.59606 0.027995
0.59395 0.042494
0.583 0.042493
0.59527 0.042495
0.60467 0.022345
0.60332 0.042495
0.61605 0.027006
0.6167 0.031592
0.60845 0.042496
0.62531 0.026085
0.62252 0.033942
0.63196 0.027632
0.63345 0.042498
0.63636 0.042498
0.64514 0.021496
0.64741 0.034913
0.65501 0.028987
0.65191 0.042498
0.64343 0.042498
0.65149 0.042498
0.66602 0.021105
0.66109 0.042498
0.67788 0.028844
0.67301 0.042499
0.66522 0.042498
0.67236 0.042499
0.68189 0.024291
0.6839 0.032926
0.69191 0.027901
0.69793 0.042499
0.68216 0.042499
0.70627 0.025582
0.70281 0.031068
0.71314 0.023523
0.71721 0.033799
0.70291 0.042499
0.71113 0.042499
0.72639 0.023453
0.72616 0.0425
0.73531 0.02852
0.73665 0.034594
0.74589 0.023926
0.7445 0.034833
0.75827 0.028339
0.75752 0.0425
0.75478 0.0425
0.76177 0.023939
0.7627 0.0425
0.77118 0.02365
0.77278 0.0425
0.76207 0.0425
0.77382 0.0425
0.78594 0.024731
0.78234 0.0425
0.79652 0.026258
0.79365 0.0425
0.79186 0.0425
0.80126 0.022899
0.80885 0.0425
0.81646 0.023993
0.81336 0.031372
0.80525 0.0425
0.81646 0.0425
0.82811 0.025605
0.82279 0.0425
0.83733 0.024913
0.8344 0.031808
0.82456 0.0425
0.83408 0.0425
0.84152 0.023469
0.84622 0.0425
0.85268 0.023805
0.85418 0.0425
0.8472 0.0425
0.85863 0.0425
0.86323 0.02152
0.86202 0.0425
0.87457 0.027708
0.8711 0.0425
0.87308 0.0425
0.88848 0.023613
0.88765 0.032878
0.89301 0.023433
0.89106 0.0425
0.8874 0.0425
0.89333 0.0425
0.90186 0.021845
0.90279 0.0425
0.91587 0.026384
0.91291 0.0425
0.90345 0.0425
0.92862 0.023036
0.92745 0.03173
0.93811 0.027515
0.93343 0.031749
0.92735 0.0425
0.93234 0.0425
0.94842 0.024713
0.94829 0.0425
0.95453 0.028231
0.95184 0.0425
0.94832 0.0425
0.9511 0.0425
0.96856 0.026249
0.96538 0.0425
0.97513 0.025128
0.97391 0.032478
0.96194 0.0425
0.97163 0.0425
