142
0.87503 0.040682
0.87239 0.041397
0.87445 0.042469
0.85202 0.040599
0.8457 0.041882
0.88184 0.040949
0.87689 0.040131
0.84961 0.040546
0.84796 0.040082
0.87437 0.041799
0.87264 0.040893
0.84591 0.040418
0.84333 0.041884
0.87238 0.040929
0.88262 0.041998
0.8453 0.041687
0.84309 0.04041
0.87726 0.041283
0.84862 0.041658
0.88507 0.04115
0.84965 0.041863
0.86061 0.041022
0.84935 0.040479
0.86461 0.040013
0.8685 0.041093
0.85239 0.040628
0.85615 0.040819
0.86316 0.042382
0.8654 0.041385
0.85698 0.040449
0.85525 0.0408
0.86361 0.042476
0.86952 0.040026
0.85656 0.040525
0.85562 0.04127
0.86851 0.041489
0.86522 0.041242
0.85874 0.04096
0.85965 0.041733
0.8637 0.041878
0.86958 0.041143
0.85587 0.041314
0.85852 0.040717
0.86381 0.040899
0.86955 0.042187
0.87819 0.040838
0.84334 0.040526
0.87447 0.041391
0.874 0.041793
0.84032 0.040556
0.83893 0.041387
0.87762 0.040651
0.87275 0.040845
0.83734 0.04089
0.8408 0.042151
0.87848 0.042472
0.8787 0.041798
0.83711 0.040832
0.8431 0.040022
0.87254 0.041409
0.87702 0.042258
0.83797 0.04221
0.83718 0.042075
0.87659 0.042169
0.87474 0.040933
0.84131 0.041787
0.84333 0.041093
0.87202 0.042401
0.8734 0.040983
0.83689 0.041113
0.84222 0.042495
0.85064 0.04057
0.85112 0.04058
0.85111 0.042026
0.86009 0.041006
0.86335 0.041838
0.84711 0.040028
0.84912 0.041398
0.86074 0.042392
0.85889 0.040534
0.8482 0.042373
0.84675 0.042218
0.86211 0.040502
0.859 0.040505
0.85179 0.041561
0.85322 0.042196
0.86357 0.04204
0.85649 0.042328
0.84653 0.040059
0.85327 0.040812
0.85623 0.041765
0.86295 0.041771
0.85201 0.04134
0.8523 0.040088
0.86179 0.042463
0.86235 0.042333
0.8532 0.040076
0.85736 0.042518
0.86792 0.042082
0.8737 0.04057
0.87668 0.041273
0.83738 0.04056
0.86635 0.042481
0.8685 0.040038
0.87645 0.042432
0.83197 0.040131
0.87225 0.040135
0.87344 0.041009
0.83034 0.040479
0.83469 0.040084
0.86616 0.040015
0.87188 0.040145
0.83231 0.040087
0.87609 0.041966
0.86634 0.040839
0.86809 0.040422
0.87786 0.041311
0.83373 0.041919
0.8731 0.040682
0.87092 0.042
0.83713 0.041939
0.87632 0.040569
0.83853 0.041395
0.84778 0.040586
0.8373 0.040116
0.84654 0.040113
0.85336 0.040973
0.83808 0.042079
0.83776 0.040576
0.85727 0.040435
0.85805 0.040415
0.83764 0.040548
0.83863 0.042363
0.84885 0.041892
0.85489 0.040767
0.84351 0.041727
0.84475 0.041556
0.85409 0.041104
0.84263 0.042287
0.85748 0.040943
0.85856 0.041386
0.85715 0.042068
