340
0.023526 0.020582
0.036106 0.024344
0.067674 0.021225
0.03023 0.02986
0.035954 0.03002
0.084412 0.02048
0.076792 0.025233
0.098344 0.024294
0.053029 0.031725
0.042564 0.030739
0.048266 0.031217
0.12184 0.023121
0.05632 0.032436
0.1331 0.023106
0.061238 0.036006
0.059309 0.034184
0.061435 0.036163
0.14266 0.022767
0.07331 0.035822
0.14677 0.025103
0.089249 0.0347
0.097689 0.03344
0.15066 0.027154
0.11381 0.035559
0.16045 0.027876
0.11569 0.037037
0.1137 0.035526
0.11513 0.036444
0.1569 0.031196
0.11587 0.037459
0.17479 0.025892
0.11772 0.038925
0.11584 0.037432
0.11792 0.039512
0.16816 0.031587
0.15207 0.03618
0.19087 0.021963
0.1201 0.04155
0.12049 0.040968
0.12076 0.041316
0.19403 0.029502
0.16094 0.036591
0.21286 0.021411
0.17412 0.035223
0.12117 0.042124
0.21708 0.027847
0.16592 0.037692
0.22454 0.029444
0.18696 0.036158
0.22454 0.034323
0.21118 0.035423
0.23537 0.022141
0.13151 0.042318
0.10089 0.042326
0.1491 0.038813
0.23912 0.022903
0.17888 0.037288
0.23683 0.031981
0.21577 0.038815
0.17137 0.038477
0.20993 0.038087
0.252 0.022121
0.21898 0.039357
0.24469 0.032716
0.22072 0.03975
0.21998 0.03958
0.26903 0.026185
0.22391 0.040236
0.25588 0.030337
0.239 0.037599
0.22394 0.04024
0.2205 0.039869
0.28621 0.026641
0.24063 0.037455
0.28885 0.027612
0.24052 0.038593
0.097037 0.043465
0.29951 0.025955
0.082461 0.04273
0.30252 0.026683
0.26296 0.033808
0.084396 0.04248
0.078051 0.042957
0.29592 0.032746
0.055046 0.038492
0.30736 0.030615
0.27057 0.037493
0.06105 0.042066
0.044189 0.037327
0.30895 0.031831
0.035014 0.037629
0.32062 0.024654
0.035595 0.040944
0.033714 0.039644
0.31151 0.034228
0.038754 0.041865
0.3129 0.034143
0.11614 0.04275
0.041359 0.042414
0.32 0.030335
0.060534 0.042587
0.33598 0.025682
0.054129 0.04036
0.041606 0.042738
0.32084 0.031512
0.040415 0.042938
0.34406 0.025424
0.040358 0.042973
0.040351 0.042938
0.040179 0.042946
0.33549 0.02962
0.054628 0.041173
0.25367 0.039185
0.04315 0.043219
0.040659 0.043
0.34894 0.030614
0.1788 0.038001
0.35829 0.030008
0.058021 0.042392
0.093393 0.043529
0.19129 0.037368
0.36488 0.023543
0.28975 0.038997
0.38469 0.021959
0.37551 0.02659
0.28623 0.039056
0.36888 0.032164
0.30663 0.038314
0.37605 0.033162
0.26866 0.03964
0.097575 0.044788
0.37802 0.033201
0.40228 0.027251
0.38003 0.033504
0.34259 0.030523
0.41827 0.031529
0.40273 0.030143
0.39024 0.031624
0.41419 0.032084
0.39859 0.032378
0.33456 0.034555
0.42832 0.020354
0.42343 0.021399
0.52256 0.020072
0.53111 0.020171
0.38709 0.024394
0.5023 0.022014
0.39342 0.024889
0.49438 0.02286
0.39334 0.024917
0.39253 0.025552
0.44538 0.024362
0.5031 0.024507
0.42985 0.027616
0.4587 0.024518
0.49216 0.023606
0.52847 0.021437
0.41699 0.03403
0.47754 0.024908
0.51252 0.024129
0.50998 0.025325
0.43229 0.033717
0.45916 0.029239
0.52346 0.022384
0.52604 0.023308
0.45149 0.03094
0.51781 0.025065
0.55033 0.021268
0.55462 0.024883
0.5717 0.021411
0.59095 0.026591
0.55766 0.027404
0.59647 0.027286
0.54047 0.033239
0.58865 0.027974
0.54173 0.023587
0.51643 0.034267
0.58813 0.027968
0.5725 0.030029
0.54124 0.025192
0.53703 0.021425
0.57244 0.030737
0.55488 0.033914
0.46138 0.035755
0.44793 0.036652
0.55937 0.034409
0.43156 0.036194
0.53504 0.021875
0.46653 0.034985
0.41444 0.03666
0.41134 0.03656
0.53902 0.024668
0.61125 0.021396
0.60383 0.028593
0.62801 0.029459
0.64264 0.039272
0.61474 0.031532
0.64153 0.039021
0.59564 0.028473
0.61354 0.03234
0.68274 0.039101
0.607 0.031375
0.61124 0.032682
0.71098 0.037849
0.82108 0.035621
0.56965 0.033971
0.58406 0.034562
0.68716 0.038123
0.61854 0.03535
0.49543 0.03377
0.4407 0.036996
0.62461 0.036482
0.6268 0.022215
0.64561 0.034904
0.63991 0.026794
0.72707 0.038057
0.68738 0.036579
0.92197 0.042865
0.70324 0.037118
0.80205 0.035665
0.80278 0.035522
0.68699 0.038191
0.64601 0.038136
0.66313 0.03664
0.84291 0.039119
0.67592 0.037924
0.94776 0.043117
0.93807 0.045462
0.9495 0.04266
0.69175 0.033849
0.91638 0.042189
0.72514 0.036943
0.95831 0.042841
0.95353 0.042885
0.95859 0.042869
0.65833 0.033312
0.95978 0.042933
0.71515 0.034356
0.81985 0.035308
0.95998 0.042939
0.69807 0.03142
0.85297 0.039519
0.72463 0.035157
0.95824 0.042651
0.95766 0.042535
0.6542 0.026148
0.84931 0.038721
0.74828 0.035435
0.95528 0.041635
0.95571 0.042337
0.95519 0.041679
0.65872 0.022841
0.95406 0.041113
0.72533 0.032561
0.94855 0.04
0.95276 0.040713
0.94919 0.039957
0.6788 0.025907
0.78436 0.036436
0.71813 0.030133
0.92105 0.041291
0.93736 0.044415
0.70632 0.0265
0.76437 0.034785
0.69593 0.02365
0.7932 0.035812
0.91148 0.040785
0.89828 0.039071
0.70818 0.023906
0.87805 0.039564
0.7628 0.033686
0.81635 0.034134
0.72483 0.024725
0.81713 0.034077
0.77414 0.034657
0.84897 0.035913
0.84613 0.035713
0.73804 0.02511
0.85321 0.03652
0.744 0.025334
0.86868 0.039189
0.85271 0.036433
0.86996 0.038856
0.75483 0.026967
0.88016 0.038798
0.76849 0.029311
0.89245 0.038839
0.89094 0.039063
0.76438 0.023999
0.90087 0.038356
0.77603 0.02483
0.82553 0.034148
0.89716 0.038011
0.90774 0.036063
0.78764 0.02546
0.91294 0.034704
0.79644 0.025105
0.83373 0.032381
0.91504 0.035177
0.92206 0.038258
0.80037 0.023708
0.92539 0.038683
0.81253 0.023755
0.92985 0.037581
0.92574 0.038417
0.93341 0.036817
0.82218 0.021573
0.93596 0.037389
0.84566 0.026396
0.94049 0.036228
0.94157 0.035926
0.84957 0.023171
0.91503 0.027902
0.85423 0.023155
0.95412 0.035539
0.95127 0.033917
0.95669 0.036251
0.86311 0.0218
0.96301 0.038647
0.88648 0.024274
0.96438 0.037867
0.96312 0.038639
0.89864 0.02182
0.93537 0.028553
0.92467 0.025774
0.93902 0.028096
0.9667 0.036627
0.96808 0.036812
0.92857 0.023442
0.97282 0.037186
0.94653 0.024676
0.97357 0.037057
0.97283 0.037185
0.97342 0.037079
0.96429 0.024024
0.97656 0.036981
0.97323 0.023691
0.97532 0.028868
0.97576 0.036976
0.97798 0.036803
