142
0.87479 0.041056
0.87216 0.04181
0.87421 0.04053
0.85178 0.040968
0.84546 0.042323
0.8816 0.041336
0.87666 0.040697
0.84937 0.04089
0.84772 0.040644
0.87413 0.042235
0.8724 0.041276
0.84567 0.040756
0.84309 0.042325
0.87214 0.041315
0.88238 0.042446
0.84506 0.042117
0.84285 0.040748
0.87702 0.041689
0.84839 0.042085
0.88483 0.041548
0.84941 0.042303
0.86037 0.041413
0.84912 0.04082
0.86437 0.040568
0.86827 0.041488
0.85215 0.040999
0.85591 0.041198
0.86292 0.040466
0.86516 0.041797
0.85674 0.040788
0.85501 0.041179
0.86337 0.040536
0.86928 0.040582
0.85632 0.040868
0.85538 0.041676
0.86828 0.041907
0.86498 0.041645
0.85851 0.041348
0.85941 0.042165
0.86346 0.042318
0.86934 0.041541
0.85563 0.041722
0.85828 0.041093
0.86357 0.041283
0.86931 0.040083
0.87795 0.041219
0.84311 0.040869
0.87423 0.041803
0.87376 0.042229
0.84008 0.0409
0.8387 0.041799
0.87738 0.041024
0.87252 0.041226
0.83711 0.041274
0.84056 0.040057
0.87824 0.040532
0.87846 0.042234
0.83687 0.041212
0.84286 0.040578
0.8723 0.041822
0.87678 0.040134
0.83773 0.0401
0.83694 0.040003
0.87635 0.04007
0.8745 0.04132
0.84107 0.042222
0.84309 0.041488
0.87178 0.040479
0.87316 0.041372
0.83665 0.041509
0.84198 0.04055
0.85041 0.040938
0.85088 0.040949
0.85087 0.042476
0.85985 0.041396
0.86312 0.042276
0.84687 0.040585
0.84888 0.04181
0.86051 0.040473
0.85866 0.040878
0.84796 0.040459
0.84651 0.040106
0.86187 0.040844
0.85876 0.040847
0.85156 0.041983
0.85299 0.04009
0.86333 0.04249
0.85625 0.040425
0.84629 0.040619
0.85303 0.041191
0.85599 0.042198
0.86271 0.042205
0.85177 0.041749
0.85206 0.04065
0.86155 0.040526
0.86212 0.040429
0.85296 0.040637
0.85712 0.040567
0.86769 0.040008
0.87346 0.040915
0.87644 0.041678
0.83714 0.040928
0.86611 0.040539
0.86826 0.040595
0.87621 0.040503
0.83173 0.040697
0.87201 0.040702
0.87321 0.0414
0.8301 0.04082
0.83445 0.040645
0.86592 0.040571
0.87164 0.040712
0.83207 0.040649
0.87585 0.042412
0.86611 0.04122
0.86785 0.04076
0.87762 0.041718
0.83349 0.042362
0.87286 0.041056
0.87068 0.042448
0.83689 0.042383
0.87608 0.040914
0.83829 0.041807
0.84755 0.040954
0.83706 0.04068
0.8463 0.040677
0.85313 0.041361
0.83784 0.040006
0.83752 0.040945
0.85703 0.040773
0.85781 0.040753
0.8374 0.040892
0.83839 0.040451
0.84862 0.042333
0.85465 0.041143
0.84327 0.042158
0.84451 0.041977
0.85385 0.0415
0.84239 0.040155
0.85724 0.041329
0.85833 0.041798
0.85691 0.04252
