142
0.87384 0.04093
0.87121 0.041665
0.87326 0.040412
0.85084 0.04084
0.84451 0.042172
0.88065 0.041202
0.87571 0.040576
0.84842 0.040766
0.84677 0.040542
0.87318 0.042082
0.87145 0.041145
0.84472 0.04063
0.84214 0.042174
0.87119 0.041182
0.88143 0.042289
0.84411 0.041969
0.8419 0.040623
0.87607 0.04155
0.84744 0.04194
0.88388 0.04141
0.84846 0.042153
0.85942 0.041275
0.84817 0.040692
0.86342 0.040469
0.86732 0.041352
0.8512 0.04087
0.85496 0.041065
0.86197 0.040113
0.86421 0.041652
0.85579 0.040661
0.85406 0.041046
0.86242 0.040418
0.86833 0.040483
0.85537 0.040744
0.85443 0.041537
0.86733 0.041763
0.86403 0.041508
0.85756 0.041213
0.85846 0.042016
0.86251 0.042168
0.86839 0.041403
0.85468 0.041581
0.85733 0.040964
0.86262 0.041151
0.86836 0.042486
0.877 0.041085
0.84216 0.040746
0.87328 0.041658
0.87281 0.042076
0.83913 0.040776
0.83775 0.041655
0.87643 0.040893
0.87157 0.041091
0.83616 0.041143
0.83961 0.04245
0.87729 0.040414
0.87751 0.042081
0.83592 0.041078
0.84191 0.040478
0.87135 0.041677
0.87583 0.040024
0.83678 0.042509
0.83599 0.042373
0.8754 0.042468
0.87355 0.041186
0.84013 0.042069
0.84214 0.041353
0.87083 0.040126
0.87221 0.041236
0.8357 0.041373
0.84103 0.040431
0.84946 0.040812
0.84993 0.040822
0.84992 0.042318
0.8589 0.041259
0.86217 0.042121
0.84592 0.040485
0.84793 0.041665
0.85956 0.04012
0.85771 0.040754
0.84701 0.040107
0.84556 0.042518
0.86092 0.040714
0.85781 0.040717
0.85061 0.041836
0.85204 0.042495
0.86238 0.042331
0.8553 0.040077
0.84534 0.040518
0.85208 0.041058
0.85504 0.042047
0.86176 0.042053
0.85082 0.041607
0.85111 0.040548
0.8606 0.040408
0.86117 0.04008
0.85201 0.040535
0.85617 0.040447
0.86674 0.04238
0.87251 0.04079
0.87549 0.041539
0.83619 0.040802
0.86517 0.040421
0.86731 0.040495
0.87526 0.040147
0.83078 0.040577
0.87106 0.040581
0.87226 0.041263
0.82915 0.040692
0.8335 0.040543
0.86497 0.040472
0.87069 0.040591
0.83112 0.040546
0.8749 0.042257
0.86516 0.041085
0.8669 0.040634
0.87667 0.041578
0.83254 0.04221
0.87191 0.040929
0.86973 0.042291
0.83594 0.042229
0.87513 0.040789
0.83734 0.041662
0.8466 0.040827
0.83611 0.04056
0.84535 0.040557
0.85218 0.041226
0.83689 0.042378
0.83657 0.040818
0.85608 0.040647
0.85686 0.040628
0.83645 0.040768
0.83744 0.0401
0.84767 0.042182
0.8537 0.041012
0.84232 0.042009
0.84356 0.041831
0.8529 0.041364
0.84144 0.040044
0.85629 0.041196
0.85738 0.041654
0.85596 0.042359
