679
0.84091 0.040204
0.83367 0.040251
0.86952 0.04015
0.84281 0.040319
0.88789 0.040247
0.89549 0.040259
0.89833 0.040298
0.89659 0.040199
0.8887 0.040284
0.87861 0.040159
0.88387 0.040246
0.90284 0.040164
0.90981 0.040275
0.85933 0.040228
0.86919 0.040354
0.86977 0.04014
0.86252 0.040225
0.83119 0.040201
0.84308 0.040205
0.82817 0.040255
0.82793 0.040298
0.86787 0.040233
0.83185 0.040233
0.83777 0.040313
0.84347 0.04034
0.82777 0.040291
0.81508 0.040145
0.84918 0.04022
0.83767 0.040253
0.83709 0.040349
0.93634 0.040262
0.87851 0.040216
0.88232 0.040166
0.92083 0.040214
0.93629 0.040218
0.88207 0.040263
0.86039 0.040148
0.89603 0.040207
0.90179 0.04018
0.86385 0.040117
0.83971 0.040209
0.83949 0.040211
0.85547 0.040127
0.81796 0.040187
0.8341 0.040244
0.8436 0.040213
0.89697 0.040301
0.74881 0.040229
0.76236 0.040247
0.87017 0.040163
0.83192 0.040212
0.82023 0.040165
0.79122 0.040349
0.8662 0.040113
0.85977 0.040133
0.84769 0.040241
0.85506 0.040223
0.77525 0.040251
0.84035 0.040251
0.89543 0.04023
0.81604 0.040271
0.85855 0.040241
0.85239 0.040204
0.82635 0.040324
0.83166 0.040211
0.82438 0.040194
0.83327 0.040337
0.83471 0.040159
0.88381 0.04017
0.92054 0.040283
0.92368 0.040226
0.88291 0.040254
0.88727 0.040278
0.89754 0.040296
0.8863 0.040186
0.86965 0.040193
0.86162 0.040238
0.88151 0.04017
0.86964 0.040129
0.84596 0.04021
0.83819 0.040199
0.8711 0.040186
0.84876 0.040213
0.83248 0.040188
0.84999 0.040378
0.84556 0.040342
0.828 0.040298
0.81802 0.040302
0.76944 0.040207
0.87026 0.040184
0.8171 0.040185
0.79593 0.040209
0.79724 0.040167
0.84353 0.040206
0.83928 0.040248
0.77773 0.040193
0.80232 0.040179
0.82396 0.040267
0.81652 0.040144
0.8032 0.040191
0.81157 0.040256
0.84452 0.040209
0.82236 0.040148
0.77923 0.04017
0.74659 0.040231
0.81553 0.040133
0.80495 0.040338
0.84682 0.040245
0.83447 0.04032
0.81955 0.040145
0.85216 0.040205
0.84308 0.04035
0.84711 0.040253
0.82042 0.040216
0.91182 0.040306
0.87786 0.04019
0.92621 0.040248
0.92314 0.04038
0.87835 0.04025
0.91351 0.040226
0.93756 0.040292
0.93724 0.040288
0.84728 0.040119
0.83546 0.040167
0.91916 0.040208
0.92016 0.040179
0.90913 0.040208
0.83395 0.040339
0.88941 0.040264
0.90548 0.040161
0.77627 0.040295
0.87226 0.04017
0.8541 0.040208
0.89916 0.040322
0.73112 0.040212
0.77757 0.040275
0.88068 0.04025
0.84698 0.040229
0.83968 0.040182
0.7127 0.040254
0.84883 0.040348
0.8695 0.040136
0.67112 0.040212
0.72325 0.040178
0.83009 0.040222
0.83989 0.040241
0.71596 0.040237
0.73267 0.040381
0.85367 0.040222
0.85623 0.040199
0.71771 0.040296
0.83971 0.040337
0.85603 0.040219
0.81423 0.040275
0.78002 0.040212
0.82453 0.040279
0.81586 0.04022
0.84091 0.040211
0.84199 0.04017
0.79624 0.040223
0.81982 0.040162
0.82059 0.040231
0.79771 0.040199
0.803 0.040195
0.82484 0.040187
0.79879 0.040123
0.86371 0.040342
0.93003 0.040184
0.91049 0.040202
0.81501 0.040294
0.85839 0.040362
0.91498 0.040219
0.88218 0.040165
0.84759 0.040188
0.82659 0.040257
0.87188 0.040343
0.87788 0.040197
0.83029 0.040268
0.84069 0.040258
0.85761 0.040219
0.90011 0.040181
0.86176 0.040146
0.9163 0.040222
0.82087 0.040161
0.73053 0.040208
0.68444 0.040228
0.71977 0.040209
0.87975 0.040235
0.81187 0.040273
0.67585 0.040258
0.70792 0.04027
0.84166 0.040208
0.86919 0.040336
0.73908 0.04018
0.74419 0.040213
0.79275 0.040346
0.84051 0.040325
0.63932 0.040236
0.66403 0.040362
0.79143 0.040195
0.84838 0.040142
0.71271 0.040232
0.70122 0.040241
0.82556 0.040155
0.79368 0.040164
0.66475 0.040356
0.77497 0.040175
0.78795 0.040146
0.77253 0.040199
0.66002 0.040351
0.7533 0.040282
0.76643 0.040252
0.71719 0.040225
0.73244 0.040391
0.66215 0.040246
0.7885 0.040348
0.75776 0.040179
0.78649 0.040141
0.79999 0.040137
0.78522 0.040201
0.82875 0.040142
0.86414 0.040168
0.95031 0.040396
0.90371 0.040257
0.89855 0.040316
0.86661 0.040222
0.88193 0.040232
0.8809 0.040183
0.92383 0.040212
0.91962 0.040202
0.87276 0.040171
0.85215 0.040203
0.89117 0.04017
0.83687 0.040204
0.79803 0.040349
0.86246 0.040136
0.85333 0.040212
0.80203 0.040202
0.79601 0.040181
0.86628 0.040231
0.86756 0.04019
0.79417 0.040178
0.81531 0.040177
0.81164 0.040243
0.8695 0.040141
0.8349 0.040249
0.76139 0.040347
0.86486 0.040121
0.8636 0.040351
0.85806 0.040236
0.73847 0.040368
0.77122 0.040218
0.8412 0.040124
0.84234 0.040247
0.80983 0.040191
0.85381 0.040134
0.82488 0.040314
0.8434 0.040142
0.77404 0.040228
0.66105 0.040252
0.82297 0.040202
0.7916 0.040311
0.77703 0.040299
0.84061 0.040213
0.81436 0.040223
0.65539 0.040204
0.66436 0.040219
0.71045 0.04024
0.72278 0.040183
0.77117 0.040262
0.77922 0.040345
0.8034 0.04024
0.82858 0.040187
0.75899 0.040284
0.76471 0.040297
0.80359 0.040166
0.83794 0.040233
0.82158 0.040159
0.85327 0.04038
0.95987 0.04117
0.75234 0.040226
0.69316 0.040193
0.82027 0.04031
0.80983 0.040231
0.66993 0.040254
0.69263 0.040197
0.86057 0.040369
0.88258 0.040216
0.73106 0.040165
0.90124 0.04017
0.82297 0.040303
0.76436 0.040334
0.92735 0.04022
0.91638 0.040208
0.91471 0.040312
0.86353 0.040206
0.91276 0.040198
0.86758 0.040371
0.83774 0.04031
0.57765 0.040284
0.8901 0.040234
0.85984 0.040354
0.73947 0.040389
0.669 0.040382
0.89715 0.040263
0.84347 0.040208
0.78677 0.040188
0.76395 0.040241
0.8484 0.040342
0.86475 0.040359
0.65052 0.040254
0.64783 0.040281
0.82655 0.040323
0.83245 0.040225
0.7099 0.04019
0.86149 0.040235
0.85363 0.040219
0.85258 0.040332
0.63211 0.040287
0.64698 0.040221
0.83238 0.040209
0.82248 0.040298
0.6871 0.040259
0.6833 0.040251
0.83373 0.040207
0.83263 0.040214
0.71903 0.040301
0.79196 0.0402
0.83625 0.040245
0.81525 0.040262
0.81607 0.040133
0.75002 0.040176
0.83709 0.040186
0.80182 0.040214
0.7873 0.040282
0.81934 0.04016
0.81226 0.040257
0.81397 0.040238
0.79841 0.040228
0.80956 0.040231
0.70021 0.04024
0.79607 0.040357
0.67039 0.040263
0.68847 0.040195
0.68177 0.040378
0.82173 0.040304
0.8728 0.040172
0.80844 0.040187
0.95985 0.04045
0.88846 0.040207
0.86337 0.040112
0.78574 0.040277
0.83481 0.040179
0.87647 0.040145
0.90695 0.040184
0.85932 0.040115
0.85973 0.0402
0.80021 0.040371
0.82055 0.040236
0.76567 0.040313
0.85401 0.040213
0.84765 0.040208
0.75566 0.040241
0.89201 0.040202
0.85509 0.040366
0.74295 0.040213
0.81729 0.040233
0.69235 0.040304
0.80359 0.040256
0.84967 0.040142
0.81284 0.04028
0.7818 0.040268
0.68789 0.040288
0.81676 0.040252
0.83601 0.040229
0.66883 0.040365
0.80589 0.04014
0.83646 0.040186
0.81946 0.040195
0.7863 0.040224
0.72247 0.040228
0.79355 0.040349
0.80062 0.040229
0.70955 0.040223
0.69353 0.040188
0.80114 0.04014
0.75069 0.040357
0.66758 0.040231
0.67109 0.040329
0.75798 0.040374
0.7574 0.040253
0.66411 0.040224
0.67376 0.040233
0.71503 0.040242
0.7259 0.040276
0.84784 0.040343
0.68646 0.040224
0.72421 0.040186
0.69767 0.040193
0.6774 0.040229
0.79117 0.04015
0.70051 0.040253
0.53964 0.040424
0.79217 0.040166
0.70765 0.040231
0.78451 0.040284
0.89851 0.040217
0.87273 0.040199
0.90303 0.040178
0.90378 0.040202
0.88545 0.040154
0.89545 0.040298
0.89114 0.040208
0.88549 0.04024
0.8648 0.040159
0.70252 0.040199
0.87679 0.04016
0.88799 0.0402
0.87369 0.040226
0.85983 0.040126
0.62244 0.040174
0.92177 0.040247
0.85987 0.040339
0.87019 0.040172
0.86452 0.040215
0.82922 0.040227
0.87389 0.040125
0.88012 0.04024
0.57798 0.040303
0.84708 0.040232
0.84195 0.040358
0.73782 0.040218
0.85049 0.040371
0.84912 0.040242
0.83664 0.040258
0.84044 0.040149
0.71993 0.040255
0.83388 0.040137
0.83355 0.040222
0.83267 0.040195
0.54325 0.040199
0.81704 0.040174
0.8033 0.040336
0.83564 0.040185
0.82275 0.040288
0.83085 0.040225
0.82424 0.040234
0.58605 0.040218
0.63283 0.040215
0.81029 0.040145
0.76089 0.040334
0.76833 0.040308
0.74556 0.040213
0.7803 0.040392
0.71466 0.040247
0.73639 0.04017
0.81802 0.040294
0.66164 0.040254
0.75958 0.04037
0.74452 0.040256
0.94478 0.040302
0.89033 0.040275
0.60326 0.040317
0.85703 0.040218
0.89592 0.040185
0.85298 0.040243
0.84586 0.040196
0.78047 0.040268
0.85341 0.040244
0.84763 0.040185
0.90011 0.040289
0.79514 0.040328
0.81802 0.040254
0.82366 0.040162
0.86352 0.040198
0.81144 0.040254
0.84506 0.040211
0.80412 0.040144
0.79878 0.040163
0.68208 0.040221
0.79351 0.040198
0.8143 0.040134
0.71525 0.040241
0.69762 0.040234
0.84222 0.04021
0.82565 0.040129
0.74754 0.040165
0.73159 0.040148
0.79816 0.040238
0.8227 0.040154
0.65088 0.040286
0.67676 0.040368
0.81733 0.04026
0.80587 0.04016
0.75368 0.04022
0.68045 0.040396
0.81899 0.040218
0.78557 0.040346
0.69058 0.040281
0.72486 0.040204
0.77416 0.040177
0.76713 0.04022
0.6666 0.04037
0.65719 0.040274
0.78089 0.040295
0.74635 0.040282
0.6864 0.040257
0.62451 0.040192
0.67807 0.040376
0.69895 0.040258
0.74558 0.040389
0.90279 0.040206
0.66473 0.040245
0.68422 0.040234
0.68507 0.040378
0.71165 0.040211
0.79727 0.040222
0.67949 0.040351
0.79031 0.040148
0.84121 0.040362
0.93242 0.040176
0.84225 0.040337
0.84407 0.040124
0.79431 0.04016
0.81506 0.040324
0.8782 0.040113
0.83885 0.040141
0.87356 0.040169
0.79111 0.04021
0.85643 0.040366
0.87237 0.040338
0.86628 0.040347
0.80923 0.040278
0.80752 0.04034
0.82778 0.040304
0.65891 0.040345
0.7396 0.040389
0.75418 0.040172
0.80178 0.040329
0.82944 0.040318
0.84794 0.040243
0.78036 0.040336
0.83635 0.040186
0.86892 0.040145
0.7783 0.040367
0.6854 0.040293
0.82526 0.040317
0.82437 0.040312
0.78573 0.040138
0.76679 0.040214
0.81311 0.040287
0.6093 0.040274
0.69238 0.040327
0.77551 0.040324
0.82984 0.040328
0.63071 0.040182
0.80097 0.040157
0.73055 0.04022
0.76915 0.040313
0.71663 0.040224
0.5599 0.040223
0.69274 0.040323
0.6909 0.04021
0.68672 0.040243
0.62099 0.040245
0.81409 0.040257
0.83675 0.040202
0.644 0.040271
0.81635 0.040252
0.68704 0.040264
0.65878 0.040271
0.76762 0.040227
0.7695 0.040223
0.60103 0.040268
0.58809 0.040311
0.76647 0.040328
0.73956 0.040227
0.59134 0.040288
0.6023 0.040264
0.73278 0.040243
0.69434 0.040315
0.53418 0.040383
0.60611 0.040293
0.78281 0.040293
0.71167 0.040242
0.59899 0.040324
0.68355 0.040203
0.69064 0.040199
0.71647 0.040204
0.52103 0.040219
0.59613 0.04031
0.68031 0.040252
0.59927 0.040292
0.54072 0.040449
0.57068 0.040308
0.69862 0.04022
0.65321 0.040272
0.59883 0.040314
0.56127 0.040223
0.69395 0.040227
0.68009 0.040369
0.56161 0.040246
0.56572 0.040198
0.61379 0.040356
0.515 0.040219
0.63218 0.040226
0.5262 0.040235
0.54939 0.040167
0.85039 0.040234
0.75451 0.04018
0.75364 0.040358
0.64728 0.040264
0.64278 0.040266
0.68662 0.040301
0.67217 0.040302
0.61876 0.04036
0.60308 0.040321
0.67998 0.040295
0.61214 0.040292
0.69744 0.040271
0.6293 0.040229
0.61557 0.04035
0.66242 0.040309
0.65384 0.040177
0.7035 0.04024
0.61969 0.040339
0.56158 0.040233
0.58866 0.040208
0.59336 0.040178
0.76373 0.040293
0.58411 0.040244
0.63856 0.040268
0.58673 0.040295
0.55519 0.040201
0.55916 0.040169
0.60538 0.040298
0.65095 0.04028
0.52764 0.04018
0.73063 0.040155
0.47418 0.04002
0.68319 0.040284
0.57027 0.040309
0.63338 0.040165
0.76188 0.040262
0.54978 0.040153
0.597 0.040237
0.63953 0.040302
0.71505 0.040246
0.73304 0.040398
0.7165 0.040216
0.7324 0.040199
0.70722 0.040275
0.61852 0.040317
0.60753 0.04026
0.64975 0.040262
0.66777 0.040257
0.67673 0.040218
0.63487 0.040207
0.57208 0.040337
0.67557 0.040396
0.63396 0.040185
0.66907 0.040307
0.49363 0.040296
0.70576 0.040285
0.6026 0.040219
0.58005 0.040214
0.6681 0.040223
0.7409 0.040156
0.66699 0.040219
0.74956 0.040235
0.74438 0.04022
0.62804 0.040218
0.6441 0.040262
0.74608 0.040169
0.6201 0.040347
0.70148 0.04023
0.71208 0.040295
0.72733 0.040216
0.72976 0.040174
