142
1 0.04079
1 0.041556
1 0.040472
0.89261 0.040915
0.96675 0.052086
1 0.040001
1 0.040686
0.96458 0.10546
1 0.041759
1 0.041692
1 0.041081
1 0.040962
1 0.040816
1 0.040901
1 0.041758
1 0.04038
1 0.04073
1 0.040969
1 0.041338
1 0.040148
1 0.041013
0.87255 0.041364
0.90856 0.040383
0.87232 0.044403
0.84881 0.04118
0.93255 0.041284
1 0.041313
0.90621 0.041703
0.93394 0.040026
1 0.040847
1 0.041781
0.97188 0.043756
1 0.041211
1 0.041491
1 0.040873
1 0.041208
1 0.040439
1 0.040564
1 0.041623
1 0.041059
1 0.040826
1 0.041828
1 0.040841
1 0.041288
1 0.040495
0.70234 0.04052
0.6244 0.042122
0.65511 0.04129
0.80478 0.041708
0.60282 0.041044
0.74672 0.042189
0.84411 0.040904
0.89359 0.042136
0.8693 0.04068
0.88558 0.040562
0.94231 0.041136
1 0.041658
0.93619 0.041298
1 0.041144
1 0.040145
1 0.041688
1 0.041677
1 0.040692
1 0.041693
1 0.041464
1 0.040795
1 0.042858
1 0.041513
1 0.040102
1 0.041035
1 0.041279
0.70443 0.040396
0.70629 0.041189
0.70908 0.040795
0.63483 0.040985
0.56435 0.040483
0.77724 0.041114
0.87072 0.040754
0.59893 0.041607
0.64487 0.04076
0.91661 0.041082
1 0.041786
0.75333 0.040711
0.84713 0.040791
1 0.042024
1 0.04284
0.84217 0.041191
1 0.041584
1 0.041443
1 0.04735
1 0.04506
1 0.046798
1 0.045245
1 0.042973
1 0.046368
1 0.041464
1 0.041039
1 0.042485
0.54596 0.041614
0.60665 0.040766
0.64927 0.04008
0.7836 0.041217
0.56974 0.040589
0.65088 0.040469
0.7782 0.043132
0.76169 0.041047
0.68373 0.041877
0.68292 0.041173
0.76111 0.040515
0.79723 0.041339
0.84596 0.041087
0.85021 0.040444
0.82644 0.042081
0.83459 0.041208
0.96553 0.04145
1 0.041213
0.85681 0.040775
0.87217 0.041078
1 0.045884
1 0.043438
0.88873 0.041132
1 0.060122
0.79511 0.041339
0.72674 0.043026
0.76277 0.041772
0.75011 0.046768
0.64373 0.040346
0.77035 0.04155
0.78662 0.040642
0.64322 0.04044
0.67251 0.040086
0.82412 0.042345
0.80842 0.040918
0.69868 0.040597
0.71156 0.040921
0.81539 0.04094
0.79891 0.04075
0.74017 0.04303
0.88427 0.040425
0.64734 0.040367
0.63055 0.040502
0.72561 0.040635
