679
0.87542 0.055517
0.87209 0.053475
0.89006 0.043214
0.88004 0.042433
0.90885 0.0449
0.91022 0.04302
0.91894 0.047287
0.91445 0.04113
0.89904 0.045773
0.8986 0.048904
0.89497 0.044402
0.88474 0.049236
0.87925 0.050815
0.87142 0.042843
0.86685 0.049762
0.86434 0.049056
0.86017 0.047494
0.87053 0.055027
0.84027 0.051158
0.82614 0.049871
0.86875 0.049419
0.89052 0.042415
0.83204 0.053093
0.83605 0.052032
0.8805 0.042205
0.87104 0.048998
0.82725 0.050668
0.86526 0.043629
0.85436 0.045075
0.85333 0.046299
0.91054 0.138
0.91155 0.051527
0.89452 0.052725
0.89683 0.11938
0.89885 0.10648
0.89019 0.054577
0.88108 0.051642
0.89273 0.043723
0.89545 0.045609
0.87938 0.053765
0.87009 0.047503
0.8587 0.050709
0.87186 0.046168
0.84347 0.040697
0.84788 0.043769
0.86013 0.047423
0.88752 0.042153
0.78081 0.045531
0.78654 0.04416
0.87444 0.043626
0.8505 0.047506
0.82104 0.044087
0.81354 0.047563
0.85048 0.048062
0.84448 0.049352
0.85392 0.041705
0.87145 0.042118
0.81984 0.043821
0.83926 0.046588
0.89066 0.042897
0.85452 0.050061
0.83963 0.050488
0.83044 0.054941
0.85209 0.047685
0.86291 0.040878
0.82913 0.044872
0.8656 0.040402
0.81655 0.052543
0.9126 0.050126
0.93214 0.079133
0.92651 0.11894
0.89939 0.046505
0.89735 0.04742
0.90717 0.042333
0.89808 0.046824
0.88214 0.040922
0.86904 0.046771
0.89176 0.047493
0.88355 0.044977
0.85161 0.047964
0.85619 0.044169
0.87368 0.050619
0.85237 0.047461
0.84556 0.04298
0.81496 0.054319
0.84976 0.047334
0.83344 0.043769
0.81056 0.044346
0.78116 0.041783
0.85137 0.047898
0.83738 0.048145
0.79962 0.041995
0.8004 0.042971
0.84031 0.047101
0.84063 0.046471
0.73952 0.05322
0.81902 0.042414
0.84574 0.04271
0.81895 0.051658
0.82116 0.044955
0.81836 0.042057
0.85613 0.044488
0.83668 0.045585
0.80789 0.042515
0.79942 0.047428
0.8242 0.050977
0.82049 0.052124
0.85345 0.04139
0.85055 0.042145
0.83519 0.045493
0.86439 0.045419
0.86263 0.041622
0.86517 0.041268
0.84898 0.040035
0.89468 0.17409
0.92547 0.045323
0.92441 0.28275
0.91929 0.24198
0.88894 0.056191
0.89619 0.12849
0.91069 0.13477
0.91342 0.11027
0.85777 0.048094
0.84112 0.052153
0.9043 0.049533
0.90328 0.053304
0.89171 0.04319
0.84774 0.04272
0.89413 0.046009
0.89386 0.046301
0.78948 0.047742
0.87499 0.046108
0.87043 0.046397
0.87565 0.048848
0.68498 0.050187
0.70983 0.052719
0.88065 0.043787
0.84535 0.048004
0.85682 0.04293
0.722 0.046704
0.84671 0.048033
0.85075 0.048319
0.67767 0.04194
0.73052 0.048942
0.83663 0.043372
0.83888 0.046435
0.74468 0.044586
0.76044 0.043567
0.84184 0.048119
0.84139 0.048168
0.78186 0.042144
0.83529 0.045547
0.83543 0.052912
0.82652 0.046073
0.82574 0.04134
0.85263 0.042285
0.82091 0.043984
0.85136 0.045205
0.87094 0.043405
0.84481 0.047362
0.82214 0.045213
0.81964 0.045529
0.84502 0.047627
0.84963 0.047297
0.81554 0.049481
0.81477 0.042753
0.83963 0.049866
0.90644 0.068344
0.89216 0.061259
0.8189 0.049053
0.85898 0.04351
0.89501 0.045722
0.88778 0.045978
0.83782 0.047367
0.83242 0.059334
0.86841 0.0505
0.8868 0.045415
0.8217 0.042619
0.82971 0.043053
0.86857 0.046895
0.89081 0.044017
0.84613 0.043626
0.85728 0.043173
0.83871 0.049195
0.79039 0.04629
0.74031 0.041187
0.76 0.041335
0.84956 0.041126
0.83703 0.045727
0.68513 0.041623
0.74574 0.043804
0.8296 0.043148
0.83784 0.051567
0.72592 0.066396
0.69019 0.05018
0.80773 0.045141
0.83452 0.042805
0.7003 0.04457
0.66204 0.04109
0.80248 0.041115
0.81362 0.054997
0.66027 0.047568
0.69235 0.046677
0.81611 0.047211
0.80522 0.041496
0.67676 0.046216
0.76871 0.047662
0.79548 0.048825
0.79573 0.045609
0.70654 0.040523
0.76444 0.04232
0.79133 0.045119
0.77596 0.049029
0.76629 0.048265
0.73764 0.045032
0.80906 0.045442
0.8021 0.050118
0.80792 0.044599
0.82741 0.042038
0.82791 0.042872
0.82238 0.047868
0.85509 0.069164
0.85548 0.24534
0.8838 0.089228
0.88681 0.042165
0.85703 0.068368
0.87097 0.04067
0.88325 0.045258
0.9094 0.052668
0.87638 0.060299
0.85498 0.090433
0.79376 0.053912
0.89414 0.045879
0.85404 0.044308
0.81235 0.04975
0.87566 0.046078
0.86959 0.046529
0.82689 0.04268
0.79636 0.047855
0.87348 0.04444
0.87427 0.044286
0.79757 0.043388
0.81852 0.045174
0.83603 0.046247
0.83778 0.050666
0.83135 0.040716
0.74399 0.041878
0.83987 0.049648
0.84025 0.049614
0.84512 0.04429
0.74135 0.045884
0.81381 0.047907
0.85241 0.048009
0.79702 0.050411
0.79771 0.045411
0.83447 0.053303
0.84496 0.043049
0.77956 0.05706
0.75854 0.042908
0.66871 0.042966
0.83739 0.043162
0.78675 0.045636
0.76292 0.049486
0.85087 0.041625
0.82389 0.043253
0.70333 0.043632
0.70896 0.04381
0.75112 0.0421
0.76543 0.04078
0.78705 0.04145
0.78643 0.047376
0.81785 0.041557
0.83264 0.043633
0.76743 0.046279
0.7957 0.041381
0.82016 0.043063
0.83823 0.042056
0.82843 0.042311
0.81949 0.044625
0.85709 0.30142
0.78831 0.040742
0.76042 0.041037
0.80904 0.053779
0.80215 0.045253
0.75095 0.041774
0.70337 0.046732
0.82247 0.042977
0.83504 0.042451
0.7101 0.05017
0.93736 0.057286
0.7843 0.052846
0.78207 0.041251
0.92469 0.063446
0.91549 0.050314
0.8978 0.050381
0.87231 0.056515
0.90422 0.046837
0.87862 0.045992
0.78033 0.041396
0.63636 0.04341
0.88933 0.0438
0.87389 0.043911
0.64031 0.047999
0.6994 0.056499
0.88976 0.04367
0.85395 0.043776
0.70497 0.051807
0.69116 0.050974
0.86364 0.046546
0.85506 0.047776
0.69201 0.0533
0.68273 0.084008
0.84503 0.047853
0.84353 0.04497
0.69014 0.047543
0.84349 0.048987
0.84247 0.049877
0.83954 0.051444
0.65956 0.041621
0.66025 0.045943
0.85063 0.045191
0.84318 0.04522
0.6687 0.042017
0.70959 0.043223
0.82661 0.048806
0.82271 0.050821
0.71816 0.049208
0.73891 0.05037
0.84681 0.044786
0.811 0.050006
0.82244 0.043201
0.79311 0.042343
0.81192 0.052113
0.80741 0.04146
0.79834 0.04104
0.83255 0.046654
0.81492 0.042179
0.81236 0.043496
0.75395 0.053361
0.75303 0.054732
0.68337 0.04356
0.7844 0.060165
0.69563 0.044597
0.6492 0.043988
0.691 0.062832
0.84408 0.044154
0.87437 0.044808
0.80758 0.044872
0.80924 0.21558
0.89477 0.045673
0.8634 0.050431
0.79198 0.0526
0.81704 0.045007
0.86816 0.050765
0.8951 0.042317
0.79615 0.085739
0.82204 0.043358
0.82523 0.046077
0.82755 0.077907
0.74782 0.049194
0.82867 0.042472
0.84406 0.048368
0.78428 0.048473
0.84528 0.041237
0.77664 0.068457
0.79099 0.048373
0.80237 0.050091
0.72682 0.041053
0.7794 0.047826
0.84006 0.042525
0.81785 0.044408
0.75079 0.050648
0.72601 0.041311
0.83945 0.045182
0.82358 0.050028
0.71512 0.04522
0.75934 0.055764
0.81994 0.052046
0.83474 0.044738
0.75279 0.051902
0.68473 0.048427
0.78203 0.050072
0.81091 0.040911
0.66741 0.047116
0.67663 0.04523
0.80219 0.048544
0.77016 0.050469
0.67672 0.040443
0.72596 0.049244
0.77489 0.04479
0.78828 0.050851
0.72618 0.041121
0.74396 0.043941
0.77406 0.049375
0.77666 0.046634
0.82385 0.042257
0.7673 0.0489
0.71813 0.060768
0.70161 0.077588
0.68792 0.056935
0.75358 0.0837
0.68838 0.042496
0.62826 0.05217
0.7486 0.10815
0.71372 0.071047
0.62851 0.051502
0.8969 0.046392
0.76753 0.18086
0.9371 0.052412
0.93175 0.049942
0.90203 0.046162
0.90598 0.047303
0.90471 0.044472
0.90289 0.04638
0.87305 0.04798
0.71227 0.077993
0.88139 0.050212
0.87938 0.050816
0.88135 0.049313
0.74873 0.093725
0.61109 0.040176
0.8869 0.047823
0.85875 0.048
0.87879 0.040075
0.86805 0.04783
0.84741 0.047657
0.86567 0.048358
0.86259 0.049211
0.63769 0.045028
0.86497 0.044499
0.83665 0.052263
0.61645 0.046849
0.84913 0.049865
0.85359 0.048405
0.83994 0.052462
0.83984 0.051799
0.62557 0.043798
0.84749 0.041216
0.84199 0.045754
0.83942 0.045547
0.64532 0.075317
0.82722 0.050942
0.82106 0.052048
0.84659 0.044406
0.82654 0.042378
0.8412 0.042286
0.82967 0.042771
0.69579 0.047761
0.73162 0.047198
0.82397 0.043995
0.79525 0.050284
0.81335 0.042542
0.80954 0.043786
0.81129 0.041875
0.58827 0.042335
0.60126 0.052419
0.75627 0.068152
0.64249 0.045098
0.64983 0.15154
0.75302 0.043051
0.87197 0.20283
0.87985 0.044074
0.57044 0.044799
0.8259 0.042035
0.86511 0.062724
0.86425 0.050587
0.82125 0.050766
0.7928 0.047363
0.86614 0.042768
0.86273 0.042936
0.78312 0.16784
0.7446 0.11278
0.83436 0.049723
0.84281 0.044138
0.80638 0.077138
0.78068 0.11028
0.8329 0.043385
0.79301 0.051167
0.75743 0.080535
0.72154 0.041404
0.81414 0.046161
0.81346 0.043099
0.70887 0.044007
0.72231 0.040617
0.8366 0.043211
0.82796 0.045296
0.69307 0.049566
0.72486 0.045813
0.80783 0.040879
0.81822 0.051875
0.69514 0.045821
0.67256 0.041742
0.8235 0.040402
0.79678 0.050224
0.72619 0.051005
0.65027 0.044294
0.83179 0.041653
0.7971 0.047812
0.68534 0.042655
0.73081 0.042049
0.76321 0.047105
0.77389 0.04593
0.65401 0.040576
0.66457 0.045116
0.78864 0.041968
0.77454 0.041826
0.71103 0.044514
0.69508 0.051016
0.75359 0.043952
0.75462 0.045028
0.65011 0.14819
0.80741 0.043297
0.63504 0.046457
0.66167 0.048712
0.68978 0.042398
0.69275 0.042897
0.73999 0.067662
0.57013 0.041015
0.74116 0.088275
0.85716 0.046442
0.81732 0.16278
0.81357 0.051686
0.86008 0.043023
0.82116 0.04686
0.8049 0.043396
0.83784 0.15228
0.85143 0.047402
0.85148 0.048632
0.77605 0.092187
0.84154 0.044323
0.86295 0.047925
0.84163 0.049553
0.81445 0.042274
0.79437 0.041196
0.84198 0.0421
0.67998 0.099792
0.75228 0.044185
0.76611 0.043327
0.82176 0.044486
0.83798 0.044033
0.79315 0.053992
0.7567 0.048551
0.84804 0.044984
0.86895 0.04545
0.76629 0.04619
0.70883 0.042648
0.83251 0.041524
0.83071 0.044337
0.76665 0.046061
0.74025 0.04988
0.8163 0.041872
0.60652 0.040149
0.69334 0.044827
0.74538 0.051685
0.82774 0.043254
0.58286 0.04116
0.77846 0.041786
0.65106 0.045431
0.78934 0.045292
0.69868 0.074077
0.62356 0.12493
0.68485 0.07374
0.67418 0.048359
0.68993 0.041066
0.67473 0.041584
0.75663 0.10425
0.78404 0.045034
0.55822 0.045236
0.7771 0.07856
0.7178 0.042243
0.65008 0.083407
0.75805 0.065519
0.75257 0.045713
0.61766 0.055158
0.59529 0.046432
0.74966 0.046022
0.74743 0.050311
0.58287 0.049017
0.56991 0.056791
0.72177 0.04514
0.72876 0.045897
0.57628 0.056635
0.57013 0.052573
0.72268 0.050767
0.68274 0.045593
0.56467 0.054327
0.6788 0.043213
0.72106 0.042876
0.72539 0.044421
0.55997 0.068779
0.65468 0.04218
0.6807 0.0431
0.66204 0.047881
0.55931 0.06803
0.60968 0.060477
0.72574 0.043802
0.67909 0.041546
0.6656 0.041422
0.62134 0.062793
0.6693 0.04276
0.69554 0.052059
0.69553 0.061173
0.70628 0.064603
0.62389 0.041988
0.66143 0.062552
0.68041 0.057013
0.64198 0.053031
0.62791 0.063691
0.78576 0.041133
0.72119 0.051363
0.73937 0.043894
0.68393 0.047136
0.67709 0.048969
0.71583 0.04005
0.69386 0.044389
0.64444 0.040795
0.64615 0.044026
0.70486 0.060174
0.65428 0.041938
0.69094 0.067231
0.66096 0.05407
0.668 0.046474
0.68408 0.055181
0.60474 0.044102
0.58526 0.040908
0.65199 0.050078
0.61182 0.050002
0.64279 0.062582
0.64778 0.089267
0.66585 0.065864
0.5971 0.057736
0.63994 0.060628
0.61211 0.0529
0.61595 0.064621
0.62257 0.061229
0.56797 0.051494
0.58083 0.051178
0.64362 0.056295
0.69419 0.067391
0.51393 0.051591
0.55068 0.048711
0.62032 0.053588
0.55549 0.045261
0.55214 0.050542
0.49886 0.046337
0.57558 0.045403
0.55214 0.045237
0.72149 0.074766
0.71673 0.044705
0.71414 0.042886
0.71887 0.044329
0.71015 0.041558
0.65415 0.047374
0.66624 0.078859
0.68078 0.053674
0.66882 0.076169
0.70569 0.051513
0.60864 0.043461
0.59957 0.074931
0.70787 0.045171
0.62095 0.043468
0.65405 0.04297
0.47519 0.043125
0.58365 0.054293
0.64966 0.068539
0.61466 0.047313
0.65907 0.04292
0.59385 0.055687
0.57461 0.041351
0.56324 0.041177
0.56056 0.04469
0.6362 0.13154
0.6033 0.043537
0.6485 0.060948
0.60113 0.043366
0.60672 0.053484
0.58908 0.051314
0.59487 0.052876
0.58191 0.054321
