142
0.88585 0.041063
0.88321 0.041819
0.88527 0.040537
0.86284 0.040979
0.85652 0.042333
0.89266 0.041345
0.88771 0.040705
0.86042 0.040899
0.85878 0.040653
0.88519 0.042244
0.88346 0.041286
0.85673 0.040763
0.85415 0.042335
0.8832 0.041322
0.89343 0.042453
0.85612 0.042128
0.8539 0.040755
0.88808 0.0417
0.85944 0.042094
0.89589 0.041559
0.86047 0.042311
0.87143 0.041423
0.86017 0.040828
0.87543 0.040575
0.87932 0.041499
0.86321 0.041006
0.86697 0.041207
0.87398 0.040472
0.87621 0.041805
0.8678 0.040799
0.86607 0.041185
0.87443 0.040543
0.88034 0.04059
0.86738 0.040875
0.86644 0.041685
0.87933 0.041919
0.87604 0.041652
0.86956 0.041358
0.87047 0.042174
0.87452 0.042328
0.8804 0.041551
0.86669 0.041729
0.86934 0.041103
0.87463 0.041293
0.88036 0.040091
0.88901 0.041229
0.85416 0.040876
0.88529 0.041812
0.88482 0.042237
0.85113 0.040911
0.84975 0.041807
0.88844 0.041034
0.88357 0.041237
0.84816 0.041284
0.85162 0.040063
0.8893 0.04054
0.88952 0.042243
0.84793 0.041221
0.85391 0.040586
0.88336 0.041833
0.88784 0.040142
0.84879 0.040109
0.848 0.040008
0.8874 0.040077
0.88556 0.041327
0.85213 0.042229
0.85415 0.0415
0.88284 0.040487
0.88421 0.041378
0.8477 0.041516
0.85303 0.040559
0.86146 0.040946
0.86193 0.040958
0.86193 0.042486
0.87091 0.041405
0.87417 0.042289
0.85793 0.040594
0.85994 0.041819
0.87156 0.04048
0.86971 0.040886
0.85902 0.040465
0.85757 0.040111
0.87293 0.040854
0.86982 0.040858
0.86261 0.041995
0.86404 0.040098
0.87438 0.042502
0.86731 0.040433
0.85734 0.040625
0.86408 0.041199
0.86705 0.042211
0.87377 0.042218
0.86283 0.041759
0.86311 0.04066
0.8726 0.040532
0.87317 0.040437
0.86402 0.040645
0.86818 0.040556
0.87874 0.040014
0.88451 0.040927
0.88749 0.041688
0.8482 0.040934
0.87717 0.040547
0.87932 0.040605
0.88727 0.040513
0.84278 0.040706
0.88307 0.040711
0.88426 0.041409
0.84116 0.040828
0.8455 0.040654
0.87698 0.040578
0.88269 0.040722
0.84313 0.040658
0.88691 0.042423
0.87716 0.04123
0.8789 0.040768
0.88868 0.041726
0.84455 0.042376
0.88392 0.041063
0.88174 0.042455
0.84794 0.042391
0.88714 0.040925
0.84935 0.041816
0.8586 0.040964
0.84812 0.040687
0.85736 0.040683
0.86418 0.041373
0.8489 0.040012
0.84858 0.040953
0.86809 0.040783
0.86887 0.04076
0.84846 0.040902
0.84945 0.040461
0.85967 0.042344
0.86571 0.041152
0.85432 0.042167
0.85557 0.041989
0.86491 0.041512
0.85345 0.0404
0.8683 0.041338
0.86938 0.041806
0.86797 0.040003
