142
0.57936 0.040006
0.62497 0.040007
0.38286 0.050322
0.77982 0.04003
0.078353 0.043139
0.88184 0.04002
0.70831 0.040083
0.65462 0.04117
0.70251 0.040654
0.93976 0.042333
0.73358 0.040011
0.92498 0.040013
0.90636 0.093203
0.61706 0.040019
0.91328 0.040012
0.91961 0.040011
0.083318 0.043419
0.90373 0.040012
0.84922 0.040032
0.92605 0.04002
0.9368 0.040017
0.65668 0.041782
0.14945 0.040032
0.36117 0.044978
0.72056 0.040625
0.71981 0.040057
0.85987 0.040032
0.78567 0.04003
nan nan
nan nan
0.6846 0.042547
0.91425 0.046703
nan nan
0.73178 0.040009
nan nan
nan nan
0.060013 0.047411
0.91131 0.040006
0.045558 0.05098
0.068929 0.040659
0.87798 0.040008
0.9247 0.040028
0.84633 0.04003
0.92621 0.040022
0.10307 0.040068
0.48026 0.04214
0.71251 0.04008
0.91031 0.040011
0.82374 0.040029
0.099673 0.040423
0.74375 0.040009
0.86169 0.040002
nan nan
0.85522 0.040031
0.93821 0.040016
0.93245 0.040013
0.92388 0.040007
0.46396 0.041592
0.92501 0.05873
nan nan
nan nan
nan nan
nan nan
0.56483 0.040374
0.092623 0.042923
0.94324 0.040015
0.8193 0.040029
0.95103 0.079182
0.94447 0.040015
0.92486 0.090417
0.93791 0.040008
0.9175 0.04
0.68487 0.042507
0.64124 0.040679
0.92462 0.040017
0.96 0.043381
0.94863 0.094083
0.93017 0.040021
0.69879 0.041086
0.79195 0.040031
0.92387 0.040017
0.91627 0.040017
0.77343 0.040029
0.91069 0.040001
0.91912 0.040007
nan nan
0.919 0.040005
0.92324 0.040007
0.077824 0.043273
0.94179 0.040032
nan nan
0.29372 0.30943
0.92519 0.040012
0.65362 0.040848
0.9443 0.040148
0.95736 0.12168
0.55262 0.044456
0.93435 0.040021
0.90263 0.040011
0.92504 0.040007
0.74205 0.040013
0.80096 0.040029
0.77813 0.040031
0.69871 0.041052
0.7901 0.040031
0.87193 0.040002
0.11825 0.04001
0.92957 0.040011
0.77569 0.04003
0.65391 0.040943
0.9191 0.040012
0.93044 0.040008
nan nan
0.91721 0.040012
0.93231 0.040009
0.74175 0.040011
0.91929 0.040013
0.92507 0.040001
0.94861 0.08594
0.90361 0.040009
0.95723 0.10322
0.92433 0.040017
0.8394 0.04003
0.69824 0.041109
0.93069 0.040015
0.70871 0.040045
0.54234 0.041069
0.78164 0.040031
0.90743 0.040001
0.14664 0.35209
nan nan
0.52904 0.048743
0.92448 0.091266
0.65962 0.042546
0.50067 0.060027
0.62009 0.04001
0.93455 0.040008
0.17585 0.040033
0.9215 0.04001
0.92098 0.040014
nan nan
0.93927 0.040003
