142
1 0.55417
1 0.57134
1 0.58594
0.99299 0.54682
1 0.54523
1 0.54541
1 0.55039
1 0.55772
1 0.56387
1 0.556
1 0.56427
1 0.56885
1 0.57975
1 0.57084
1 0.58953
1 0.58676
1 0.5982
1 0.59541
1 0.60818
1 0.61099
1 0.61895
0.97634 0.54717
1 0.54603
0.97959 0.54504
0.98237 0.55311
0.99034 0.56148
0.98655 0.57336
0.97411 0.56394
0.99575 0.5764
0.99262 0.57808
1 0.58673
1 0.58166
1 0.59004
1 0.59744
1 0.60173
1 0.59842
1 0.60104
1 0.61107
1 0.61728
1 0.61369
1 0.62285
1 0.62419
1 0.62709
1 0.62489
1 0.63949
0.96183 0.54785
0.91761 0.55656
0.98165 0.54271
0.98556 0.55729
0.92457 0.55538
0.93346 0.57071
0.98306 0.5683
1 0.57275
0.95189 0.57927
0.93724 0.58769
1 0.5847
1 0.59363
0.97109 0.59032
0.94827 0.61384
1 0.59875
1 0.6074
0.98386 0.60924
0.99507 0.61534
1 0.61802
1 0.62474
0.9808 0.63187
0.98499 0.64358
1 0.62721
1 0.63544
1 0.63989
1 0.65225
0.90066 0.56075
0.89943 0.56111
0.90781 0.58141
0.88509 0.56683
0.89623 0.58237
0.91331 0.58441
0.91661 0.60112
0.89898 0.58684
0.90388 0.60246
0.92318 0.6069
0.93435 0.61643
0.90522 0.61433
0.9163 0.6168
0.92661 0.62311
0.93064 0.63403
0.94349 0.62344
0.93095 0.63555
0.95744 0.64186
0.94289 0.65438
0.93266 0.64564
0.92115 0.6561
0.95534 0.66205
0.96663 0.67578
0.95605 0.66413
0.96546 0.67316
0.96435 0.67629
0.96176 0.67603
0.89622 0.56757
0.89798 0.57052
0.89289 0.57387
0.86942 0.58817
0.89768 0.58816
0.88527 0.60302
0.89052 0.59055
0.85517 0.61592
0.89003 0.61814
0.90496 0.62384
0.85495 0.62085
0.85632 0.63165
0.95154 0.62341
0.93568 0.6403
0.88253 0.63985
0.90959 0.64121
0.93935 0.64242
0.92251 0.65871
0.89483 0.6555
0.90636 0.66133
0.94283 0.66104
0.95444 0.67046
0.90232 0.67514
0.93456 0.67232
0.86745 0.58992
0.86728 0.60206
0.84772 0.61835
0.86578 0.60053
0.87492 0.61114
0.83976 0.63299
0.84389 0.63639
0.87509 0.62425
0.87511 0.62898
0.85145 0.64818
0.85818 0.65563
0.84245 0.64788
0.88436 0.65593
0.88209 0.66022
0.88828 0.67187
0.88464 0.65787
0.89158 0.67329
0.87504 0.62535
0.87725 0.63855
0.88163 0.64896
