340
0.025046 0.020407
0.042965 0.023086
0.081756 0.021037
0.034639 0.026957
0.042756 0.027117
0.10239 0.020433
0.093319 0.024309
0.11656 0.023845
0.065881 0.029841
0.051885 0.027704
0.059978 0.028621
0.14365 0.022559
0.069217 0.031035
0.15878 0.022573
0.073272 0.034813
0.071768 0.033035
0.073431 0.034961
0.16931 0.022629
0.087548 0.033139
0.17323 0.025005
0.10745 0.033939
0.11588 0.032255
0.17704 0.027344
0.13451 0.033691
0.18702 0.02851
0.13633 0.034922
0.1344 0.033645
0.1358 0.034424
0.18406 0.032124
0.13648 0.035295
0.19919 0.026683
0.13827 0.036612
0.13645 0.035272
0.13842 0.037148
0.19429 0.03327
0.17969 0.037032
0.21428 0.022118
0.1407 0.038363
0.14126 0.037768
0.14159 0.037938
0.21795 0.030551
0.18971 0.038031
0.23431 0.021417
0.20214 0.036496
0.1421 0.038362
0.23876 0.027276
0.19463 0.039018
0.2472 0.029122
0.21324 0.036974
0.24739 0.03386
0.23162 0.036362
0.25756 0.022282
0.15726 0.037492
0.1195 0.039519
0.17657 0.038727
0.26103 0.02319
0.20726 0.037612
0.25947 0.03305
0.23622 0.038223
0.20097 0.038853
0.22982 0.039089
0.27366 0.022144
0.23963 0.037818
0.26734 0.033193
0.24171 0.038085
0.24073 0.037895
0.29077 0.025687
0.24637 0.039071
0.27814 0.030211
0.26357 0.038719
0.24642 0.039078
0.24138 0.038103
0.31103 0.026382
0.26526 0.038311
0.3136 0.027261
0.26554 0.03896
0.11573 0.041195
0.32417 0.025695
0.10016 0.039844
0.32787 0.026627
0.28579 0.033176
0.10284 0.04001
0.0938 0.03891
0.32087 0.032258
0.06679 0.035959
0.33428 0.031167
0.2954 0.035445
0.071339 0.040209
0.052324 0.032407
0.33675 0.033269
0.039459 0.032421
0.34392 0.026379
0.039275 0.034716
0.037238 0.033802
0.34095 0.03767
0.042878 0.035369
0.34237 0.038083
0.1363 0.039732
0.046276 0.035738
0.34551 0.034287
0.070731 0.040388
0.35469 0.028049
0.065452 0.037237
0.046552 0.035909
0.34701 0.036051
0.044807 0.035951
0.36063 0.028071
0.044718 0.035964
0.044717 0.035949
0.044471 0.035946
0.35583 0.033724
0.065847 0.038078
0.27929 0.038586
0.048835 0.036205
0.04512 0.035985
0.36623 0.037489
0.20746 0.038008
0.37161 0.037031
0.068661 0.039805
0.1122 0.041295
0.21743 0.037923
0.37344 0.025927
0.31651 0.037617
0.38618 0.022716
0.37941 0.030078
0.31327 0.037833
0.37871 0.039345
0.33857 0.03962
0.38361 0.039435
0.29377 0.037017
0.11625 0.041689
0.38526 0.039213
0.40006 0.028842
0.38715 0.039127
0.36178 0.036053
0.41431 0.033813
0.40152 0.032473
0.39284 0.035067
0.41114 0.034445
0.39921 0.035587
0.35971 0.040689
0.42201 0.020405
0.41778 0.021651
0.52969 0.020062
0.53966 0.020149
0.38801 0.025878
0.50564 0.021674
0.39248 0.026107
0.49607 0.022363
0.39243 0.026145
0.39187 0.026985
0.43761 0.024323
0.50661 0.023748
0.42325 0.02864
0.45219 0.023879
0.49338 0.022974
0.53658 0.021247
0.41426 0.036922
0.47544 0.02391
0.51788 0.023477
0.51485 0.024466
0.42623 0.035393
0.45272 0.027909
0.53075 0.022043
0.53375 0.022854
0.44389 0.03017
0.52416 0.0243
0.56129 0.021169
0.5658 0.024581
0.58302 0.021531
0.59908 0.028129
0.56899 0.027035
0.60367 0.029221
0.55022 0.031727
0.59733 0.029747
0.55166 0.023193
0.52253 0.032085
0.59695 0.029717
0.58368 0.030966
0.5511 0.024612
0.54634 0.021255
0.58356 0.031732
0.566 0.033066
0.45536 0.033304
0.44054 0.036059
0.57065 0.033863
0.42635 0.03832
0.5441 0.021645
0.46139 0.032253
0.41332 0.040182
0.41125 0.040137
0.54858 0.024123
0.61511 0.021783
0.60947 0.030761
0.62899 0.02985
0.64699 0.039055
0.61579 0.034941
0.6454 0.038649
0.60284 0.030675
0.6142 0.03602
0.68007 0.038332
0.61023 0.034452
0.61223 0.036378
0.70792 0.038174
0.80253 0.040435
0.58083 0.034831
0.59233 0.037576
0.68577 0.038036
0.61673 0.039445
0.49736 0.031385
0.43415 0.037664
0.62264 0.038953
0.62791 0.02234
0.6493 0.035907
0.64214 0.026637
0.72534 0.036615
0.68628 0.036551
0.90619 0.0408
0.70155 0.038055
0.78821 0.039596
0.78887 0.039552
0.68556 0.038086
0.65017 0.038955
0.66126 0.03858
0.82432 0.039829
0.6724 0.037779
0.94204 0.037325
0.92907 0.039048
0.94413 0.03701
0.69126 0.034086
0.90033 0.040744
0.72338 0.035754
0.95541 0.037322
0.94945 0.037274
0.95571 0.037336
0.65832 0.035748
0.95699 0.037362
0.71248 0.033796
0.80166 0.040153
0.95721 0.037364
0.69735 0.031998
0.83484 0.039775
0.72324 0.034052
0.95529 0.037236
0.95463 0.037171
0.65509 0.02726
0.83127 0.038974
0.74432 0.037924
0.95143 0.036528
0.95214 0.036998
0.95133 0.036555
0.65885 0.023328
0.94971 0.036151
0.72475 0.031549
0.94214 0.035109
0.94791 0.035757
0.94295 0.035063
0.67825 0.025632
0.77334 0.038967
0.71673 0.029406
0.90533 0.040018
0.92765 0.038807
0.70524 0.026817
0.75664 0.037671
0.69557 0.023831
0.78164 0.039099
0.89562 0.039538
0.88247 0.038852
0.707 0.023999
0.86078 0.037841
0.75604 0.036371
0.79978 0.038842
0.72515 0.024312
0.80035 0.038818
0.76491 0.037307
0.83105 0.036138
0.82832 0.036398
0.73862 0.025526
0.83522 0.037078
0.74377 0.026024
0.84986 0.03876
0.83474 0.036938
0.85138 0.038408
0.75271 0.028239
0.86351 0.0372
0.76388 0.030759
0.8775 0.038893
0.87578 0.03886
0.76108 0.02462
0.88442 0.037994
0.77098 0.025594
0.80737 0.039016
0.88156 0.038086
0.89172 0.035421
0.78127 0.026547
0.8972 0.033855
0.78807 0.026375
0.81581 0.034875
0.8993 0.034447
0.9065 0.0371
0.79113 0.024747
0.90996 0.036949
0.80079 0.024882
0.91565 0.0348
0.91034 0.03662
0.92032 0.033287
0.80792 0.022083
0.92403 0.033703
0.82796 0.026639
0.9302 0.032436
0.93176 0.032174
0.83186 0.023205
0.89945 0.027518
0.83653 0.023262
0.94829 0.031923
0.94393 0.030692
0.95195 0.032568
0.84477 0.021788
0.95988 0.034614
0.8702 0.02409
0.96138 0.034036
0.96001 0.034611
0.88214 0.021779
0.92231 0.026625
0.90942 0.025251
0.92707 0.026265
0.96397 0.033114
0.96567 0.033291
0.9139 0.022949
0.9714 0.033468
0.93679 0.023541
0.97228 0.033368
0.97141 0.033468
0.97211 0.033385
0.95996 0.023162
0.97587 0.033308
0.97137 0.022893
0.97403 0.02695
0.97492 0.033304
0.97757 0.033168
