142
0.87667 0.040997
0.87403 0.041742
0.87608 0.040475
0.85366 0.040907
0.84733 0.042253
0.88348 0.041271
0.87853 0.040641
0.85124 0.040833
0.84959 0.040587
0.876 0.042163
0.87428 0.041216
0.84755 0.040694
0.84497 0.042255
0.87402 0.04125
0.88425 0.042372
0.84694 0.042049
0.84472 0.040685
0.87889 0.041625
0.85026 0.042017
0.8867 0.041482
0.85129 0.042233
0.86224 0.04135
0.85099 0.040762
0.86624 0.040531
0.87014 0.041426
0.85402 0.040938
0.85779 0.041136
0.8648 0.040409
0.86703 0.041729
0.85861 0.040726
0.85689 0.041116
0.86524 0.040481
0.87115 0.040545
0.85819 0.04081
0.85725 0.041612
0.87015 0.041842
0.86686 0.041581
0.86038 0.041283
0.86129 0.042092
0.86533 0.042249
0.87121 0.041475
0.8575 0.041653
0.86015 0.041034
0.86544 0.041223
0.87118 0.040031
0.87982 0.041158
0.84498 0.040811
0.8761 0.041736
0.87563 0.042157
0.84195 0.040844
0.84057 0.041731
0.87925 0.040964
0.87439 0.041165
0.83898 0.041214
0.84243 0.040005
0.88012 0.040477
0.88033 0.042162
0.83874 0.04115
0.84473 0.040541
0.87418 0.041755
0.87865 0.040083
0.8396 0.040048
0.83882 0.042455
0.87822 0.040018
0.87638 0.041254
0.84295 0.04215
0.84497 0.041426
0.87365 0.040423
0.87503 0.041307
0.83852 0.041442
0.84385 0.040495
0.85228 0.040877
0.85275 0.040887
0.85274 0.042402
0.86172 0.041332
0.86499 0.042205
0.84874 0.040548
0.85076 0.041743
0.86238 0.040416
0.86053 0.040821
0.84983 0.040402
0.84838 0.040054
0.86374 0.040786
0.86063 0.040789
0.85343 0.041913
0.85486 0.040038
0.8652 0.042417
0.85812 0.040135
0.84816 0.040561
0.8549 0.041129
0.85787 0.042126
0.86458 0.042133
0.85365 0.041681
0.85393 0.040593
0.86342 0.040471
0.86399 0.040138
0.85483 0.04058
0.85899 0.040513
0.86956 0.042462
0.87533 0.040859
0.87831 0.041614
0.83901 0.040866
0.86799 0.040485
0.87013 0.040559
0.87808 0.040447
0.8336 0.040642
0.87388 0.040646
0.87508 0.041336
0.83197 0.040761
0.83632 0.040588
0.86779 0.040534
0.87351 0.040657
0.83395 0.040592
0.87772 0.042337
0.86798 0.041158
0.86972 0.040698
0.87949 0.041649
0.83536 0.042294
0.87474 0.040997
0.87255 0.042374
0.83876 0.042307
0.87795 0.040858
0.84017 0.04174
0.84942 0.040893
0.83893 0.040624
0.84818 0.040621
0.855 0.041296
0.83972 0.04246
0.8394 0.040883
0.8589 0.040712
0.85969 0.040691
0.83928 0.040835
0.84027 0.04016
0.85049 0.042264
0.85652 0.04108
0.84514 0.042085
0.84639 0.041907
0.85572 0.041438
0.84427 0.040105
0.85911 0.041264
0.8602 0.04173
0.85879 0.042447
