142
0.88816 0.040342
0.87332 0.040571
0.9049 0.04061
0.92203 0.040501
0.9415 0.040539
0.91191 0.040356
0.89017 0.040335
0.91976 0.040634
0.87253 0.040794
0.889 0.040709
0.90591 0.040768
0.86862 0.040497
0.86427 0.040639
0.87466 0.040523
0.88048 0.040375
0.86685 0.040846
0.84901 0.040527
0.86707 0.040534
0.85797 0.040391
0.86151 0.040447
0.84225 0.041586
0.88134 0.040546
0.93615 0.040479
0.88273 0.040345
0.85171 0.041465
0.87808 0.040116
0.88455 0.040802
0.89623 0.040421
0.848 0.040827
0.90697 0.040709
0.87298 0.040514
0.87069 0.040329
0.85095 0.040551
0.90907 0.040606
0.91759 0.040734
0.85591 0.040369
0.87601 0.040673
0.86321 0.040456
0.85663 0.040745
0.84876 0.040469
0.84499 0.040887
0.87194 0.04035
0.87616 0.040408
0.85146 0.040497
0.83077 0.040352
0.78365 0.040122
0.8353 0.040965
0.89964 0.040442
0.89778 0.040668
0.93636 0.040295
0.93131 0.040525
0.81664 0.041049
0.86582 0.040724
0.84356 0.040211
0.86247 0.040712
0.80939 0.042487
0.86745 0.040493
0.81093 0.040139
0.84486 0.040148
0.83989 0.040142
0.83827 0.040132
0.78786 0.040005
0.8498 0.040389
0.81484 0.040114
0.83386 0.040268
0.84668 0.040419
0.87363 0.040643
0.82145 0.040292
0.81968 0.042242
0.87835 0.040536
0.85499 0.040469
0.82012 0.042192
0.847 0.041229
0.79348 0.04028
0.80227 0.040225
0.66337 0.042655
0.90237 0.040622
0.94141 0.040484
0.76394 0.040751
0.8172 0.042273
0.9249 0.040641
0.78877 0.0404
0.83733 0.042158
0.86309 0.040539
0.81151 0.040569
0.69958 0.040608
0.82395 0.040025
0.82021 0.042228
0.89009 0.040513
0.78218 0.041442
0.79405 0.042143
0.64147 0.042453
0.89286 0.040384
0.89002 0.040741
0.70968 0.040628
0.77818 0.040333
0.89039 0.040719
0.7599 0.040464
0.77736 0.040539
0.73564 0.040424
0.74841 0.040363
0.51854 0.040949
0.71646 0.040352
0.64995 0.042237
0.58466 0.040854
0.60982 0.041993
0.70432 0.040327
0.65684 0.042316
0.66579 0.042086
0.64887 0.042437
0.73201 0.040581
0.77098 0.040217
0.61211 0.041738
0.62435 0.042239
0.7062 0.040337
0.68631 0.042149
0.71098 0.040649
0.5994 0.040941
0.74145 0.041005
0.84764 0.040443
0.56452 0.040912
0.77354 0.041347
0.49836 0.040809
0.35706 0.041402
0.69518 0.040194
0.38667 0.040449
0.29349 0.042681
0.66795 0.042507
0.68128 0.042199
0.25412 0.041672
0.23759 0.041437
0.67832 0.042409
0.69729 0.040349
0.44178 0.04066
0.22055 0.041305
0.30053 0.042534
0.34226 0.040589
0.20199 0.041389
0.40627 0.04073
0.24272 0.041053
0.27261 0.042653
0.11583 0.041468
