340
0.024237 0.020484
0.039351 0.023563
0.077289 0.021046
0.032291 0.028205
0.039168 0.028223
0.096308 0.020431
0.08793 0.024656
0.11195 0.023461
0.060278 0.029723
0.047255 0.028668
0.054429 0.029041
0.13948 0.022577
0.063986 0.030525
0.15483 0.02255
0.06911 0.033974
0.067094 0.032225
0.06932 0.03413
0.1654 0.022632
0.083179 0.033904
0.16929 0.025038
0.10103 0.033209
0.11092 0.030953
0.17309 0.027414
0.13035 0.034034
0.18293 0.028655
0.13199 0.035249
0.13025 0.03399
0.13152 0.034752
0.18003 0.032304
0.1321 0.035627
0.19485 0.026865
0.13369 0.036921
0.13208 0.035604
0.13378 0.037464
0.19006 0.033563
0.17569 0.037228
0.20941 0.022191
0.13579 0.038628
0.13637 0.038004
0.13665 0.038166
0.21295 0.030771
0.18557 0.038376
0.2295 0.021394
0.19776 0.036998
0.13705 0.038581
0.2341 0.027303
0.19039 0.039444
0.24224 0.0295
0.20855 0.037603
0.24258 0.03445
0.22719 0.035943
0.25203 0.02234
0.15288 0.037302
0.1143 0.037805
0.17255 0.038898
0.25533 0.023218
0.20275 0.038245
0.25355 0.03327
0.23226 0.038111
0.19661 0.039403
0.22548 0.038611
0.26845 0.022065
0.23587 0.037986
0.26157 0.032904
0.23786 0.038419
0.23699 0.038151
0.28567 0.025836
0.24191 0.039805
0.27311 0.029996
0.25693 0.038682
0.24195 0.039816
0.23757 0.038412
0.30572 0.02628
0.25882 0.038117
0.30835 0.027214
0.25905 0.038736
0.1096 0.039119
0.31878 0.026111
0.093369 0.040502
0.32205 0.0273
0.2808 0.033275
0.095419 0.040165
0.088647 0.040433
0.31633 0.032868
0.061981 0.035556
0.32762 0.032398
0.2903 0.035852
0.06786 0.038904
0.047754 0.033919
0.3295 0.034415
0.036334 0.034473
0.33647 0.026345
0.036177 0.037154
0.034468 0.036172
0.33216 0.03841
0.039295 0.03775
0.33324 0.038538
0.13161 0.040189
0.042385 0.038015
0.33714 0.033996
0.067168 0.039064
0.34847 0.027208
0.06062 0.037029
0.04264 0.038197
0.33843 0.035442
0.04105 0.038329
0.35516 0.027601
0.040969 0.038348
0.040969 0.03833
0.040744 0.038339
0.34964 0.03236
0.061173 0.037773
0.27393 0.038256
0.044727 0.038425
0.041337 0.038353
0.36195 0.03736
0.20296 0.03866
0.36701 0.037762
0.064659 0.038865
0.10535 0.039837
0.21264 0.038323
0.36784 0.026285
0.31278 0.037937
0.37942 0.023087
0.37357 0.031082
0.30922 0.037712
0.37401 0.041335
0.33019 0.041259
0.37789 0.042123
0.28871 0.037524
0.11015 0.039847
0.37906 0.042024
0.39139 0.029538
0.38043 0.042157
0.35705 0.035308
0.4051 0.032182
0.39213 0.033245
0.38477 0.037454
0.40122 0.033451
0.38974 0.037086
0.35474 0.039384
0.41514 0.020335
0.41019 0.021386
0.52932 0.020061
0.53934 0.020147
0.38099 0.02674
0.50523 0.021675
0.38485 0.027083
0.49567 0.022363
0.3848 0.027129
0.38432 0.028112
0.43457 0.023661
0.5062 0.023752
0.41671 0.027127
0.45076 0.023631
0.49298 0.022973
0.53625 0.021232
0.40403 0.035063
0.47492 0.02385
0.51746 0.023472
0.51443 0.024464
0.41926 0.032564
0.45133 0.027413
0.53038 0.02203
0.5334 0.022827
0.44187 0.029025
0.52375 0.024285
0.56161 0.021107
0.56648 0.02429
0.58539 0.02134
0.6041 0.027487
0.56991 0.026536
0.60877 0.028769
0.55018 0.031414
0.60214 0.028861
0.55165 0.023097
0.52212 0.03205
0.6017 0.028809
0.58622 0.029567
0.55108 0.02448
0.54619 0.021227
0.58616 0.030239
0.56676 0.03223
0.45408 0.032552
0.43758 0.033877
0.57185 0.032793
0.41853 0.03493
0.54389 0.021613
0.46058 0.031739
0.40186 0.038471
0.3995 0.039069
0.54849 0.024022
0.62036 0.021837
0.61483 0.030853
0.63331 0.03044
0.65016 0.039032
0.62162 0.035454
0.6485 0.038729
0.60807 0.030096
0.6203 0.036488
0.68464 0.039706
0.61621 0.03466
0.61845 0.036747
0.70869 0.038971
0.8037 0.039731
0.58321 0.033094
0.59767 0.035441
0.68921 0.040015
0.62285 0.040264
0.49696 0.031386
0.42906 0.034486
0.62747 0.040036
0.6323 0.022496
0.65282 0.035833
0.64596 0.02673
0.72625 0.036633
0.68957 0.038418
0.90809 0.039892
0.70232 0.039341
0.78804 0.038401
0.78878 0.03825
0.68905 0.040048
0.65356 0.038864
0.66541 0.038476
0.82646 0.039058
0.6772 0.038239
0.94272 0.037904
0.93058 0.040055
0.9449 0.037516
0.69366 0.035694
0.90191 0.039715
0.72424 0.035842
0.95645 0.037927
0.95034 0.037637
0.95676 0.037953
0.66226 0.035663
0.95808 0.038034
0.71343 0.034215
0.80281 0.0394
0.9583 0.038044
0.69895 0.033058
0.83775 0.039089
0.72411 0.034134
0.95634 0.037833
0.95566 0.037738
0.65896 0.027223
0.83388 0.038217
0.74601 0.037342
0.95242 0.036949
0.95312 0.037459
0.95232 0.036972
0.66275 0.02331
0.95071 0.036496
0.72566 0.031576
0.94313 0.035603
0.9489 0.036121
0.94396 0.035535
0.68216 0.025979
0.77349 0.040277
0.7177 0.0296
0.90718 0.038921
0.92933 0.03967
0.70662 0.027189
0.75926 0.037933
0.69758 0.024198
0.78069 0.039054
0.89667 0.038352
0.8818 0.039
0.70832 0.024187
0.86461 0.03932
0.75847 0.036537
0.80091 0.038029
0.72607 0.024318
0.8015 0.03804
0.76658 0.038541
0.83355 0.035487
0.83065 0.035671
0.73965 0.025399
0.83803 0.036491
0.74499 0.025836
0.85396 0.038653
0.83751 0.036345
0.85557 0.038526
0.7543 0.028116
0.86661 0.038981
0.76533 0.031439
0.87705 0.039965
0.87576 0.040244
0.76273 0.024822
0.88414 0.037768
0.77171 0.02609
0.80874 0.038648
0.88088 0.038391
0.89255 0.034464
0.78127 0.026535
0.89864 0.033022
0.78861 0.025981
0.81747 0.034499
0.90091 0.033589
0.90848 0.036125
0.79192 0.024416
0.91213 0.036097
0.80224 0.024689
0.91821 0.034531
0.91254 0.035822
0.92292 0.033398
0.80948 0.022047
0.92633 0.034093
0.83011 0.026344
0.93216 0.033079
0.93364 0.032772
0.83419 0.023079
0.90115 0.027072
0.83908 0.023154
0.94966 0.032183
0.94548 0.030999
0.95324 0.032907
0.8475 0.02175
0.96107 0.035281
0.8717 0.024601
0.96249 0.034726
0.96119 0.035282
0.88269 0.021791
0.92491 0.026764
0.91172 0.024981
0.92942 0.026564
0.96495 0.033839
0.96654 0.034078
0.91647 0.022872
0.97192 0.034396
0.93864 0.023684
0.97275 0.034288
0.97193 0.034395
0.97258 0.034307
0.96125 0.023307
0.97612 0.034224
0.97192 0.023092
0.97442 0.027429
0.97522 0.03422
0.97771 0.034075
