142
0.88655 0.040875
0.88391 0.04161
0.88597 0.040129
0.86354 0.040792
0.85721 0.042109
0.89336 0.041149
0.88841 0.040547
0.86112 0.040712
0.85948 0.040496
0.88589 0.042023
0.88416 0.041092
0.85743 0.04058
0.85485 0.042112
0.8839 0.041127
0.89413 0.042226
0.85682 0.04191
0.8546 0.040572
0.88877 0.041494
0.86014 0.041877
0.89658 0.041357
0.86117 0.042088
0.87212 0.041225
0.86087 0.040644
0.87612 0.04042
0.88002 0.041299
0.8639 0.040819
0.86767 0.041014
0.87468 0.040068
0.87691 0.041596
0.86849 0.040615
0.86677 0.040993
0.87512 0.040135
0.88104 0.040435
0.86807 0.040689
0.86713 0.04148
0.88003 0.041707
0.87674 0.041447
0.87026 0.041161
0.87117 0.041955
0.87522 0.042105
0.8811 0.041349
0.86739 0.041523
0.87003 0.040914
0.87533 0.041098
0.88106 0.042424
0.8897 0.041036
0.85486 0.04069
0.88599 0.041603
0.88551 0.042016
0.85183 0.040724
0.85045 0.041598
0.88913 0.040846
0.88427 0.041044
0.84886 0.041089
0.85231 0.042384
0.89 0.040131
0.89021 0.042021
0.84862 0.041028
0.85461 0.04043
0.88406 0.041623
0.88853 0.042498
0.84949 0.04245
0.8487 0.042305
0.8881 0.042404
0.88626 0.041131
0.85283 0.042008
0.85485 0.041299
0.88354 0.040082
0.88491 0.041181
0.8484 0.041315
0.85373 0.040149
0.86216 0.040761
0.86263 0.040772
0.86262 0.042258
0.87161 0.041207
0.87487 0.042066
0.85862 0.040438
0.86064 0.04161
0.87226 0.040075
0.87041 0.0407
0.85971 0.040061
0.85827 0.042452
0.87362 0.040669
0.87052 0.040672
0.86331 0.041781
0.86474 0.042434
0.87508 0.042273
0.868 0.040032
0.85804 0.040469
0.86478 0.041006
0.86775 0.04199
0.87446 0.041997
0.86353 0.041552
0.86381 0.040503
0.8733 0.040124
0.87387 0.040035
0.86471 0.040489
0.86887 0.040401
0.87944 0.042313
0.88521 0.040741
0.88819 0.041482
0.8489 0.040749
0.87787 0.040139
0.88001 0.040449
0.88796 0.040106
0.84348 0.040548
0.88376 0.040553
0.88496 0.041211
0.84185 0.040644
0.8462 0.040497
0.87767 0.040423
0.88339 0.040564
0.84383 0.040501
0.8876 0.042197
0.87786 0.041037
0.8796 0.040585
0.88937 0.041519
0.84524 0.042151
0.88462 0.040874
0.88243 0.042228
0.84864 0.042166
0.88783 0.04074
0.85005 0.041607
0.8593 0.040778
0.84882 0.040529
0.85806 0.040526
0.86488 0.041175
0.8496 0.042311
0.84928 0.040767
0.86879 0.040599
0.86957 0.040577
0.84916 0.040715
0.85015 0.040058
0.86037 0.04212
0.86641 0.040961
0.85502 0.041948
0.85627 0.041775
0.8656 0.041311
0.85415 0.04
0.869 0.041142
0.87008 0.041597
0.86867 0.042298
