73
0.035 0.92001
0.05877 0.92948
0.077846 0.17353
0.10635 0.14772
0.14007 0.23171
0.16088 0.19653
0.17693 0.22893
0.19019 0.17247
0.20809 0.21342
0.2221 0.17366
0.24159 0.21863
0.25509 0.1418
0.26906 0.14033
0.2966 0.18923
0.30289 0.1689
0.32827 0.14918
0.34577 0.15485
0.35604 0.1625
0.37521 0.19248
0.39271 0.27142
0.41454 0.37398
0.42048 0.1654
0.45853 0.13822
0.4643 0.33865
0.46258 0.2223
0.47288 0.36581
0.48914 0.18725
0.49834 0.26941
0.47399 0.16285
0.47991 0.20053
0.48804 0.17283
0.4896 0.23823
0.46396 0.19108
0.47163 0.15055
0.49543 0.1552
0.49219 0.15282
0.50327 0.22632
0.51843 0.23606
0.50732 0.23562
0.51457 0.16494
0.50169 0.17345
0.52768 0.16078
0.53575 0.27919
0.50648 0.17081
0.5123 0.32588
0.53568 0.15231
0.52585 0.16516
0.50191 0.17436
0.54804 0.20066
0.55359 0.13888
0.53739 0.1568
0.53132 0.17389
0.58804 0.12746
0.61107 0.21583
0.62902 0.14776
0.63775 0.15396
0.65167 0.24951
0.6738 0.28348
0.68787 0.14874
0.71322 0.18155
0.7299 0.21489
0.75581 0.19151
0.78036 0.18504
0.79306 0.14896
0.80333 0.18135
0.83075 0.21941
0.84306 0.21221
0.85597 0.17904
0.88041 0.18097
0.90428 0.93056
0.92352 0.9279
0.94752 0.92041
0.95546 0.92554
